date,open,high,low,close,volume,amount,outstanding_share,turnover,change,pct_chg,amplitude
2023-03-06,10.81,10.81,10.81,10.81,201805.0,2266270.0,60000000.0,0.0033634166666666665,,,
2023-03-07,11.89,11.89,11.89,11.89,176475.0,2179466.0,60000000.0,0.00294125,1.08,9.990749306197966,0.0
2023-03-08,13.08,13.08,13.08,13.08,154662.0,2101857.0,60000000.0,0.0025777,1.1899999999999995,10.00841042893188,0.0
2023-03-09,14.39,14.39,14.39,14.39,220929.0,3302889.0,60000000.0,0.00368215,1.3100000000000005,10.015290519877684,0.0
2023-03-10,15.84,15.84,15.84,15.84,952772.0,15673099.0,60000000.0,0.015879533333333334,1.4499999999999993,10.076441973592765,0.0
2023-03-13,17.42,17.42,17.42,17.42,526302.0,9526066.0,60000000.0,0.0087717,1.5800000000000018,9.974747474747492,0.0
2023-03-14,19.17,19.17,19.17,19.17,448751.0,8934632.0,60000000.0,0.0074791833333333335,1.75,10.045924225028703,0.0
2023-03-15,21.08,21.08,21.08,21.08,1169733.0,25617153.0,60000000.0,0.01949555,1.9099999999999966,9.963484611371909,0.0
2023-03-16,23.19,23.19,23.19,23.19,519106.0,12505264.0,60000000.0,0.008651766666666666,2.110000000000003,10.009487666034179,0.0
2023-03-17,25.51,25.51,25.51,25.51,450767.0,11945326.0,60000000.0,0.0075127833333333335,2.3200000000000003,10.004312203536013,0.0
2023-03-20,28.06,28.06,28.06,28.06,628590.0,18323399.0,60000000.0,0.0104765,2.549999999999997,9.996079968639737,0.0
2023-03-21,30.87,30.87,30.87,30.87,1186045.0,38036463.0,60000000.0,0.019767416666666666,2.8100000000000023,10.01425516749823,0.0
2023-03-22,28.11,30.76,28.0,29.05,46552863.0,1399415442.0,60000000.0,0.77588105,-1.8200000000000003,-5.895691609977327,8.940719144800783
2023-03-23,28.76,31.96,28.41,31.96,41197472.0,1309584593.0,60000000.0,0.6866245333333333,2.91,10.017211703958683,12.220309810671258
2023-03-24,31.66,31.66,28.88,29.33,36604010.0,1142308752.0,60000000.0,0.6100668333333333,-2.6300000000000026,-8.22903629536922,8.698372966207762
2023-03-27,28.03,28.87,26.76,28.69,26619034.0,766360562.0,60000000.0,0.4436505666666667,-0.639999999999997,-2.1820661438799793,7.1939993181043285
2023-03-28,27.93,28.49,27.09,27.1,21520858.0,617010329.0,60000000.0,0.35868096666666666,-1.5899999999999999,-5.542000697107008,4.879749041477862
2023-03-29,27.1,28.1,26.81,28.1,21585238.0,617404253.0,60000000.0,0.35975396666666665,1.0,3.690036900368998,4.7601476014760244
2023-03-30,27.24,27.39,25.38,25.6,23093149.0,629287997.0,60000000.0,0.38488581666666666,-2.5,-8.896797153024917,7.153024911032034
2023-03-31,25.62,25.79,24.69,25.42,16992721.0,447328906.0,60000000.0,0.2832120166666667,-0.17999999999999972,-0.7031249999999933,4.296874999999992
2023-04-03,24.86,25.52,24.76,25.51,15059676.0,393746225.0,60000000.0,0.2509946,0.08999999999999986,0.3540519276160392,2.989771833202195
2023-04-04,25.99,28.06,25.99,28.06,31976428.0,898754266.0,60000000.0,0.5329404666666666,2.549999999999997,9.996079968639737,8.114464915719326
2023-04-06,29.21,30.46,28.6,28.6,35926249.0,1104551717.0,60000000.0,0.5987708166666666,0.5400000000000027,1.92444761225945,6.628652886671417
2023-04-07,27.54,28.13,27.23,27.53,21409842.0,612879221.0,60000000.0,0.3568307,-1.0700000000000003,-3.741258741258746,3.1468531468531418
2023-04-10,26.98,27.73,26.39,26.79,16079545.0,449207030.0,60000000.0,0.2679924166666667,-0.740000000000002,-2.687976752633503,4.867417362876861
2023-04-11,26.36,29.12,25.62,28.73,25533572.0,731894207.0,60000000.0,0.42555953333333335,1.9400000000000013,7.241508025382615,13.064576334453154
2023-04-12,28.23,29.73,28.22,28.63,23285969.0,699675177.0,60000000.0,0.38809948333333333,-0.10000000000000142,-0.34806822137138926,5.2558301427079765
2023-04-13,28.5,29.29,27.44,28.26,17267807.0,507984016.0,60000000.0,0.2877967833333333,-0.36999999999999744,-1.2923506811037266,6.461753405518679
2023-04-14,29.02,31.09,29.02,31.09,23791735.0,751207389.0,60000000.0,0.3965289166666667,2.8299999999999983,10.014154281670207,7.324840764331212
2023-04-17,28.88,31.0,28.69,30.48,22340683.0,692542947.0,60000000.0,0.3723447166666667,-0.6099999999999994,-1.9620456738501102,7.430041814088127
2023-04-18,29.65,33.5,29.65,31.73,26018267.0,861844132.0,60000000.0,0.43363778333333336,1.25,4.101049868766404,12.631233595800529
2023-04-19,32.13,34.91,31.0,34.25,31372813.0,1081812320.0,60000000.0,0.5228802166666666,2.5199999999999996,7.942010715411274,12.322722975102415
2023-04-20,33.52,37.68,32.8,37.68,29559593.0,1078111340.0,60000000.0,0.4926598833333333,3.4299999999999997,10.014598540145991,14.24817518248176
2023-04-21,37.54,41.35,36.4,39.95,31174160.0,1262224298.0,60000000.0,0.5195693333333333,2.270000000000003,6.024416135881117,13.136942675159244
2023-04-24,37.83,39.75,36.56,37.93,22657968.0,894441615.0,60000000.0,0.3776328,-2.020000000000003,-5.056320400500636,7.98498122653316
2023-04-25,38.75,40.65,38.75,39.71,23606603.0,974866143.0,60000000.0,0.39344338333333334,1.7800000000000011,4.6928552596888995,5.009227524387025
2023-04-26,39.6,39.8,35.82,37.28,22292044.0,871361871.0,60000000.0,0.37153406666666666,-2.4299999999999997,-6.119365399143795,10.022664316293117
2023-04-27,36.18,38.07,34.33,36.21,20162147.0,754698792.0,60000000.0,0.33603578333333334,-1.0700000000000003,-2.8701716738197436,10.032188841201723
2023-04-28,35.05,37.15,34.45,36.41,17676824.0,659511554.0,60000000.0,0.29461373333333335,0.19999999999999574,0.552333609500133,7.456503728251852
2023-05-04,39.43,39.47,37.54,37.72,21936509.0,874113401.0,60000000.0,0.36560848333333335,1.3100000000000023,3.5979126613567836,5.300741554517989
2023-05-05,37.75,41.4,37.75,40.85,26456306.0,1091290890.0,60000000.0,0.4409384333333333,3.1300000000000026,8.297985153764586,9.676564156945913
2023-05-08,39.0,40.24,38.32,40.24,20408593.0,830238607.0,60000000.0,0.3401432166666667,-0.6099999999999994,-1.4932680538555676,4.700122399020811
2023-05-09,39.15,39.22,37.03,37.34,16995568.0,673882343.0,60000000.0,0.2832594666666667,-2.8999999999999986,-7.20675944333996,5.442345924453274
2023-05-10,37.83,38.73,35.77,36.53,14597983.0,562673502.0,60000000.0,0.24329971666666667,-0.8100000000000023,-2.16925549009106,7.927155865024085
2023-05-11,35.9,37.04,35.62,36.07,10892825.0,406624286.0,60000000.0,0.18154708333333333,-0.46000000000000085,-1.2592389816589167,3.8872159868601193
2023-05-12,35.15,35.43,33.07,33.45,14229490.0,501595256.0,60000000.0,0.23715816666666667,-2.6199999999999974,-7.263654006099241,6.542833379539783
2023-05-15,33.21,35.34,33.01,35.23,13515338.0,482262304.0,60000000.0,0.22525563333333334,1.779999999999994,5.321375186846011,6.965620328849044
2023-05-16,34.76,35.11,33.37,33.86,10632299.0,375821102.0,60000000.0,0.17720498333333334,-1.3699999999999974,-3.888731195004247,4.9389724666477495
2023-05-17,32.92,33.4,31.99,33.2,9828378.0,331533524.0,60000000.0,0.1638063,-0.6599999999999966,-1.9492025989367834,4.16420555227407
2023-05-18,32.8,34.08,32.63,34.02,10767521.0,372967518.0,60000000.0,0.17945868333333334,0.8200000000000003,2.4698795180722932,4.367469879518059
2023-05-19,33.29,33.44,32.39,33.11,8624917.0,292994612.0,60000000.0,0.14374861666666666,-0.9100000000000037,-2.6748971193415794,3.0864197530864113
2023-05-22,33.25,34.35,33.25,33.97,10298239.0,359856944.0,60000000.0,0.17163731666666668,0.8599999999999994,2.5974025974025983,3.322259136212629
2023-05-23,33.69,33.69,32.56,32.73,8905230.0,301802683.0,60000000.0,0.1484205,-1.240000000000002,-3.6502796585222264,3.326464527524273
2023-05-24,32.56,33.7,32.54,33.06,8832357.0,303304110.0,60000000.0,0.14720595,0.3300000000000054,1.0082493125572967,3.544149098686232
2023-05-25,31.98,31.98,30.82,31.38,11576024.0,374766892.0,60000000.0,0.19293373333333333,-1.6800000000000033,-5.081669691470059,3.508771929824562
2023-05-26,30.45,31.92,30.04,31.48,10459730.0,334552832.0,60000000.0,0.17432883333333332,0.10000000000000142,0.31867431485022024,5.991077119184203
2023-05-29,30.9,31.76,30.89,31.7,7106991.0,230452133.0,60000000.0,0.11844985,0.21999999999999886,0.698856416772542,2.76365946632783
2023-05-30,31.48,31.81,30.81,31.54,7421224.0,240590369.0,60000000.0,0.12368706666666666,-0.16000000000000014,-0.5047318611987373,3.1545741324921135
2023-05-31,31.96,34.5,31.76,34.27,18691955.0,636093867.0,60000000.0,0.31153258333333333,2.730000000000004,8.655675332910606,8.687381103360806
2023-06-01,33.4,34.31,32.93,33.72,13886190.0,480665186.0,60000000.0,0.2314365,-0.5500000000000043,-1.6049022468631602,4.0268456375839
2023-06-02,34.08,36.3,33.42,35.0,19491016.0,703879268.0,60000000.0,0.32485026666666666,1.2800000000000011,3.7959667852906387,8.540925266903901
2023-06-05,33.25,34.53,33.05,34.16,12295204.0,430190908.0,60000000.0,0.20492006666666668,-0.8400000000000034,-2.4000000000000132,4.22857142857144
2023-06-06,34.5,35.04,33.41,34.31,12751325.0,451381950.0,60000000.0,0.21252208333333333,0.15000000000000568,0.43911007025763116,4.7716627634660504
2023-06-07,33.89,34.19,33.23,33.3,8950897.0,309554790.0,60000000.0,0.14918161666666666,-1.0100000000000051,-2.943748178373662,2.7980180705333746
2023-06-08,32.43,32.43,31.72,31.96,9196516.0,304041742.0,60000000.0,0.15327526666666666,-1.3399999999999963,-4.024024024024008,2.132132132132135
2023-06-09,32.45,32.65,32.07,32.15,6115500.0,203779140.0,60000000.0,0.101925,0.18999999999999773,0.5944931163954781,1.8147684605757144
2023-06-12,31.37,32.36,31.27,32.14,6112987.0,201596935.0,60000000.0,0.10188311666666666,-0.00999999999999801,-0.03110419906686701,3.390357698289269
2023-06-13,31.84,32.77,31.84,32.6,6428085.0,214876830.0,60000000.0,0.10713475,0.46000000000000085,1.431238332296214,2.893590541381466
2023-06-14,32.05,32.28,31.66,31.94,6495248.0,214065980.0,60000000.0,0.10825413333333334,-0.6600000000000001,-2.024539877300613,1.9018404907975488
2023-06-15,31.47,31.47,30.61,31.1,9878455.0,315501442.0,60000000.0,0.16464091666666666,-0.8399999999999999,-2.629931120851592,2.6925485284909185
2023-06-16,31.08,31.44,31.06,31.23,5871900.0,189410352.0,60000000.0,0.097865,0.129999999999999,0.41800643086815636,1.221864951768497
2023-06-19,30.98,31.37,30.78,31.27,5357056.0,172321629.0,60000000.0,0.08928426666666667,0.03999999999999915,0.1280819724623683,1.8892090938200445
2023-06-20,31.07,31.1,30.51,30.76,5385793.0,170994989.0,60000000.0,0.08976321666666667,-0.509999999999998,-1.630956188039645,1.8867924528301883
2023-06-21,30.31,30.5,29.58,29.66,6414418.0,198324629.0,60000000.0,0.10690696666666667,-1.1000000000000014,-3.5760728218465543,2.99089726918076
2023-06-26,29.79,31.85,29.79,31.42,13468759.0,433462425.0,60000000.0,0.22447931666666668,1.7600000000000016,5.933917734322325,6.945380984490905
2023-06-27,30.53,31.1,29.85,30.9,8975119.0,282649450.0,60000000.0,0.14958531666666666,-0.5200000000000031,-1.6549968173138252,3.9783577339274343
2023-06-28,30.17,30.37,29.53,29.83,7148842.0,220317313.0,60000000.0,0.11914736666666667,-1.0700000000000003,-3.4627831715210333,2.7184466019417473
2023-06-29,29.53,30.07,29.5,29.74,4351828.0,133921433.0,60000000.0,0.07253046666666667,-0.08999999999999986,-0.30170968823332034,1.910828025477708
2023-06-30,29.73,30.24,29.53,29.91,4555130.0,140515680.0,60000000.0,0.07591883333333334,0.1700000000000017,0.5716207128446671,2.38735709482178
2023-07-03,29.9,30.86,29.88,30.37,6700421.0,210127983.0,60000000.0,0.11167368333333333,0.46000000000000085,1.537947174857912,3.2764961551320644
2023-07-04,30.21,30.76,29.86,30.43,5297763.0,165320334.0,60000000.0,0.08829605,0.05999999999999872,0.19756338491931924,2.963450773789931
2023-07-05,30.42,30.67,30.11,30.13,5228406.0,163913899.0,60000000.0,0.0871401,-0.3000000000000007,-0.9858692080184084,1.8402891883010264
2023-07-06,29.86,30.12,29.17,29.98,5074087.0,155553522.0,60000000.0,0.08456811666666667,-0.14999999999999858,-0.49784268171257917,3.15300365084633
2023-07-07,29.58,30.14,29.24,29.87,4536490.0,139111194.0,60000000.0,0.07560816666666667,-0.10999999999999943,-0.3669112741827907,3.0020013342228222
2023-07-10,30.09,30.44,29.56,29.65,4458659.0,137754683.0,60000000.0,0.07431098333333333,-0.22000000000000242,-0.7365249414127972,2.9460997656511636
2023-07-11,29.67,30.98,29.65,30.87,10995007.0,345502190.0,60000000.0,0.18325011666666666,1.2200000000000024,4.1146711635750455,4.485666104553125
2023-07-12,30.51,31.83,30.43,30.67,10308002.0,331033156.0,60000000.0,0.17180003333333332,-0.1999999999999993,-0.6478781988985993,4.535147392290244
2023-07-13,31.91,32.43,31.01,31.25,11773947.0,383273254.0,60000000.0,0.19623245,0.5799999999999983,1.8910987936093804,4.629931529181604
2023-07-14,31.27,31.58,30.56,30.64,9220179.0,294681432.0,60000000.0,0.15366965,-0.6099999999999994,-1.9519999999999982,3.263999999999999
2023-07-17,30.01,31.44,29.74,30.66,6726807.0,213481767.0,60000000.0,0.11211345,0.019999999999999574,0.06527415143602333,5.548302872062672
2023-07-18,30.5,30.76,30.19,30.25,4902907.0,154044566.0,60000000.0,0.08171511666666667,-0.41000000000000014,-1.3372472276581893,1.8590998043052847
2023-07-19,30.98,33.27,30.66,33.27,21460189.0,716501097.0,60000000.0,0.35766981666666664,3.020000000000003,9.98347107438018,8.628099173553728
2023-07-20,33.13,35.81,32.92,34.81,30131416.0,1066967606.0,60000000.0,0.5021902666666667,1.5399999999999991,4.628794709948902,8.686504358280734
2023-07-21,33.37,34.23,32.8,33.55,16687570.0,576418106.0,60000000.0,0.2781261666666667,-1.2600000000000051,-3.619649525998292,4.108014938236138
2023-07-24,32.8,34.0,32.43,33.22,10600153.0,363586447.0,60000000.0,0.17666921666666666,-0.3299999999999983,-0.983606557377048,4.679582712369599
2023-07-25,32.64,33.07,32.55,32.84,10166406.0,344182033.0,60000000.0,0.1694401,-0.37999999999999545,-1.1438892233594067,1.5653220951234292
2023-07-26,32.83,35.82,32.29,34.5,21081010.0,732809144.0,60000000.0,0.3513501666666667,1.6599999999999966,5.054811205846521,10.74908647990256
2023-07-27,33.41,33.99,32.77,32.88,14064722.0,483997594.0,60000000.0,0.23441203333333333,-1.6199999999999974,-4.695652173913034,3.536231884057968
2023-07-28,31.47,32.6,31.18,32.14,11351605.0,373037169.0,60000000.0,0.18919341666666667,-0.740000000000002,-2.250608272506094,4.318734793187353
2023-07-31,31.76,32.5,31.76,32.17,7674900.0,255178346.0,60000000.0,0.127915,0.030000000000001137,0.0933416303671386,2.3024268823895406
2023-08-01,32.32,34.55,32.24,33.13,16342357.0,564766168.0,60000000.0,0.2723726166666667,0.9600000000000009,2.9841467205470984,7.180603046316429
2023-08-02,32.33,33.19,32.15,33.19,11115023.0,375148745.0,60000000.0,0.18525038333333332,0.05999999999999517,0.1811047389073117,3.1391488077271332
2023-08-03,32.5,32.79,32.21,32.45,7777861.0,260961659.0,60000000.0,0.12963101666666665,-0.7399999999999949,-2.229587225067775,1.7475143115396152
2023-08-04,32.37,32.78,32.24,32.58,7768124.0,260922067.0,60000000.0,0.12946873333333334,0.12999999999999545,0.4006163328197143,1.664098613251153
2023-08-07,32.63,32.74,31.62,31.71,8974274.0,298154552.0,60000000.0,0.14957123333333333,-0.8699999999999974,-2.6703499079189563,3.437691835481894
2023-08-08,31.59,33.21,31.16,32.42,11303730.0,377016095.0,60000000.0,0.1883955,0.7100000000000009,2.2390413118889896,6.464837590665408
2023-08-09,31.77,32.62,31.52,31.58,6930266.0,228111720.0,60000000.0,0.11550443333333334,-0.8400000000000034,-2.590993214065407,3.3929673041332444
2023-08-10,31.26,31.65,30.69,31.5,5535848.0,178406271.0,60000000.0,0.09226413333333333,-0.0799999999999983,-0.2533248891703588,3.0398986700443236
2023-08-11,31.26,31.49,30.89,30.97,4646351.0,149373422.0,60000000.0,0.07743918333333333,-0.5300000000000011,-1.6825396825396854,1.904761904761898
2023-08-14,30.93,31.77,30.64,31.22,5135700.0,165815414.0,60000000.0,0.085595,0.25,0.8072328059412381,3.6486922828543724
2023-08-15,30.97,30.97,30.41,30.6,5171363.0,163517559.0,60000000.0,0.08618938333333333,-0.6199999999999974,-1.985906470211396,1.7937219730941663
2023-08-16,30.43,31.06,30.36,30.78,4433190.0,140846880.0,60000000.0,0.0738865,0.17999999999999972,0.588235294117645,2.2875816993464024
2023-08-17,30.02,30.85,29.9,30.82,4523514.0,142094090.0,60000000.0,0.0753919,0.03999999999999915,0.1299545159194171,3.086419753086429
2023-08-18,30.67,31.27,30.19,30.28,5440339.0,172896962.0,60000000.0,0.09067231666666667,-0.5399999999999991,-1.75210902011681,3.5042180402336087
2023-08-21,30.0,30.96,29.9,30.68,4561616.0,144178521.0,60000000.0,0.07602693333333334,0.3999999999999986,1.3210039630118908,3.500660501981513
2023-08-22,30.68,31.48,30.26,31.3,8016600.0,256630553.0,60000000.0,0.13361,0.620000000000001,2.0208604954367715,3.9765319426336343
2023-08-23,30.98,31.92,30.5,31.56,8631907.0,278892939.0,60000000.0,0.14386511666666665,0.259999999999998,0.8306709265175627,4.536741214057513
2023-08-24,32.24,33.69,31.61,32.82,17505754.0,591100484.0,60000000.0,0.29176256666666667,1.2600000000000016,3.9923954372623527,6.590621039290236
2023-08-25,31.88,32.3,30.84,31.03,10620837.0,345676821.0,60000000.0,0.17701395,-1.7899999999999991,-5.453991468616692,4.44850700792199
2023-08-28,31.42,31.93,30.23,30.66,9078735.0,289639641.0,60000000.0,0.15131225,-0.370000000000001,-1.1923944569771194,5.478569126651625
2023-08-29,30.69,31.58,30.5,31.4,8999074.0,288047695.0,60000000.0,0.14998456666666668,0.7399999999999984,2.41356816699283,3.5225048923679
2023-08-30,31.54,32.03,31.29,31.6,9700362.0,317062471.0,60000000.0,0.1616727,0.20000000000000284,0.6369426751592355,2.3566878980891786
2023-08-31,31.65,32.58,31.22,31.22,9162690.0,301581427.0,60000000.0,0.1527115,-0.38000000000000256,-1.2025316455696267,4.3037974683544284
2023-09-01,30.6,31.13,30.56,30.99,6369592.0,202609319.0,60000000.0,0.10615986666666667,-0.23000000000000043,-0.7367072389493967,1.82575272261371
2023-09-04,30.89,31.83,30.76,31.45,7735990.0,250822091.0,60000000.0,0.12893316666666665,0.46000000000000085,1.484349790254913,3.4527266860277406
2023-09-05,30.94,31.22,30.69,30.96,5542871.0,176696238.0,60000000.0,0.09238118333333334,-0.48999999999999844,-1.5580286168521362,1.6852146263910894
2023-09-06,30.6,30.81,30.5,30.66,4119216.0,130376815.0,60000000.0,0.0686536,-0.3000000000000007,-0.9689922480620172,1.0012919896640784
2023-09-07,30.5,30.55,30.15,30.25,4101105.0,128340898.0,60000000.0,0.06835175,-0.41000000000000014,-1.3372472276581893,1.3046314416177498
2023-09-08,30.77,30.78,30.34,30.5,3817400.0,120496749.0,60000000.0,0.06362333333333334,0.25,0.8264462809917328,1.4545454545454588
2023-09-11,30.26,30.98,30.05,30.75,5263649.0,166657083.0,60000000.0,0.08772748333333333,0.25,0.8196721311475308,3.0491803278688514
2023-09-12,30.67,30.78,30.31,30.42,3963771.0,124634476.0,60000000.0,0.06606285,-0.3299999999999983,-1.073170731707307,1.5284552845528534
2023-09-13,30.38,31.43,30.27,30.99,8915476.0,284647834.0,60000000.0,0.14859126666666667,0.5699999999999967,1.8737672583826415,3.8132807363576595
2023-09-14,30.77,32.53,30.71,31.92,15037967.0,494631923.0,60000000.0,0.25063278333333333,0.9300000000000033,3.0009680542110395,5.872862213617297
2023-09-15,31.76,32.42,30.93,31.1,11561451.0,377220333.0,60000000.0,0.19269085,-0.8200000000000003,-2.5689223057644095,4.667919799498753
2023-09-18,30.6,31.27,30.6,30.77,5966576.0,189908558.0,60000000.0,0.09944293333333333,-0.33000000000000185,-1.0610932475884294,2.1543408360128558
2023-09-19,30.89,31.08,30.45,30.6,5502312.0,174621928.0,60000000.0,0.0917052,-0.16999999999999815,-0.5524861878453025,2.0474488137796523
2023-09-20,30.4,30.65,30.2,30.43,3597371.0,112888869.0,60000000.0,0.059956183333333336,-0.1700000000000017,-0.5555555555555647,1.470588235294115
2023-09-21,30.24,30.29,29.29,29.34,6724985.0,206375313.0,60000000.0,0.11208308333333333,-1.0899999999999999,-3.581991455800193,3.286230693394676
2023-09-22,29.13,29.13,26.72,28.78,7839460.0,226664404.0,60000000.0,0.13065766666666667,-0.5599999999999987,-1.9086571233810412,8.214042263122018
2023-09-25,28.08,28.53,27.94,28.08,4351590.0,126592614.0,60000000.0,0.0725265,-0.7000000000000028,-2.432244614315504,2.0500347463516326
2023-09-26,27.88,27.96,27.53,27.74,3156700.0,90434126.0,60000000.0,0.05261166666666667,-0.33999999999999986,-1.2108262108262102,1.5313390313390305
2023-09-27,27.24,27.71,27.23,27.41,3146004.0,89271060.0,60000000.0,0.0524334,-0.3299999999999983,-1.1896178803172286,1.7303532804614292
2023-09-28,27.14,27.77,27.14,27.73,2902243.0,82590530.0,60000000.0,0.04837071666666667,0.3200000000000003,1.1674571324334249,2.2984312294782887
2023-10-09,27.72,28.85,27.28,28.51,7120449.0,207645861.0,60000000.0,0.11867415,0.7800000000000011,2.8128380815001908,5.661738189686261
2023-10-10,28.42,28.56,27.94,28.08,5189900.0,151349798.0,60000000.0,0.08649833333333333,-0.43000000000000327,-1.5082427218519934,2.1746755524377317
2023-10-11,27.88,27.93,27.33,27.5,4335192.0,123255141.0,60000000.0,0.0722532,-0.5799999999999983,-2.065527065527062,2.136752136752142
2023-10-12,27.6,27.76,27.43,27.71,3095814.0,88296559.0,60000000.0,0.0515969,0.21000000000000085,0.7636363636363663,1.2000000000000068
2023-10-13,27.58,27.58,26.92,27.1,3960728.0,110850576.0,60000000.0,0.06601213333333333,-0.6099999999999994,-2.2013713460844464,2.3818116203536506
2023-10-16,28.08,29.81,28.08,29.81,15765548.0,474990320.0,60000000.0,0.26275913333333334,2.7099999999999973,9.999999999999986,6.383763837638377
2023-10-17,29.05,29.79,28.64,29.19,12647444.0,378871742.0,60000000.0,0.21079073333333334,-0.6199999999999974,-2.079838980207971,3.857765850385772
2023-10-18,29.21,30.56,29.08,29.52,13039734.0,399402378.0,60000000.0,0.2173289,0.3299999999999983,1.130524152106882,5.070229530661186
2023-10-19,29.63,30.11,28.56,29.31,9656687.0,290968777.0,60000000.0,0.16094478333333334,-0.21000000000000085,-0.7113821138211462,5.2506775067750695
2023-10-20,30.2,30.98,29.62,30.03,13912039.0,436197130.0,60000000.0,0.23186731666666666,0.7200000000000024,2.45649948822928,4.640054588877515
2023-10-23,28.86,29.28,27.68,29.0,10860841.0,317989932.0,60000000.0,0.18101401666666667,-1.0300000000000011,-3.429903429903436,5.328005328005333
2023-10-24,28.17,28.56,27.81,28.4,6604630.0,192225086.0,60000000.0,0.11007716666666667,-0.6000000000000014,-2.0689655172413834,2.586206896551724
2023-10-25,27.88,28.33,27.77,28.22,5866871.0,170172865.0,60000000.0,0.09778118333333333,-0.17999999999999972,-0.6338028169014076,1.9718309859154886
2023-10-26,28.23,28.87,27.8,28.47,7648688.0,224231033.0,60000000.0,0.12747813333333333,0.25,0.8858965272856123,3.7916371367824246
2023-10-27,28.04,29.17,27.97,28.66,7668834.0,225560951.0,60000000.0,0.1278139,0.19000000000000128,0.6673691605198595,4.214963119072719
2023-10-30,29.71,30.01,28.66,28.67,8708242.0,261450503.0,60000000.0,0.14513736666666666,0.010000000000001563,0.03489183531053541,4.710397766922545
2023-10-31,28.18,28.51,28.1,28.36,4819866.0,140964042.0,60000000.0,0.0803311,-0.3100000000000023,-1.0812696198116534,1.4300662713637953
2023-11-01,28.03,28.17,27.88,28.16,4204781.0,121621841.0,60000000.0,0.07007968333333334,-0.1999999999999993,-0.7052186177715081,1.0225669957686978
2023-11-02,28.13,28.24,27.7,27.76,3831000.0,110390414.0,60000000.0,0.06385,-0.3999999999999986,-1.4204545454545414,1.9176136363636334
2023-11-03,27.67,27.97,27.43,27.95,3444629.0,98723543.0,60000000.0,0.05741048333333333,0.18999999999999773,0.6844380403458139,1.945244956772331
2023-11-06,27.82,28.24,27.79,28.23,4402175.0,127509060.0,60000000.0,0.07336958333333334,0.28000000000000114,1.001788908765655,1.610017889087654
2023-11-07,28.03,28.22,27.66,28.16,4785200.0,138272942.0,60000000.0,0.07975333333333333,-0.07000000000000028,-0.24796315975912364,1.9837052780729676
2023-11-08,28.03,28.26,27.75,28.26,4770743.0,138207758.0,60000000.0,0.07951238333333334,0.10000000000000142,0.35511363636364646,1.8110795454545512
2023-11-09,28.06,28.23,27.75,27.79,4857900.0,140068457.0,60000000.0,0.080965,-0.4700000000000024,-1.6631280962491224,1.6985138004246298
2023-11-10,27.93,28.02,27.64,27.83,3169900.0,91026732.0,60000000.0,0.052831666666666666,0.03999999999999915,0.14393666786614023,1.367398344728316
2023-11-13,27.3,28.11,27.3,28.07,3803170.0,109063122.0,60000000.0,0.06338616666666666,0.240000000000002,0.8623787279913753,2.91052820697089
2023-11-14,28.03,28.07,27.79,27.87,2710993.0,78069393.0,60000000.0,0.045183216666666665,-0.1999999999999993,-0.7125044531528291,0.997506234413969
2023-11-15,28.2,28.22,27.81,28.02,3979650.0,115114741.0,60000000.0,0.0663275,0.14999999999999858,0.5382131324004336,1.471115895227844
2023-11-16,27.81,27.89,27.71,27.74,2541800.0,72921689.0,60000000.0,0.042363333333333336,-0.28000000000000114,-0.9992862241256284,0.6423982869379006
2023-11-17,27.98,28.62,27.6,28.16,6338900.0,183762740.0,60000000.0,0.10564833333333333,0.4200000000000017,1.5140591204037657,3.6770007209805318
2023-11-20,27.78,28.02,27.64,27.97,4510144.0,129780846.0,60000000.0,0.07516906666666667,-0.19000000000000128,-0.6747159090909172,1.3494318181818148
2023-11-21,28.0,28.17,27.69,27.86,4655700.0,134513949.0,60000000.0,0.077595,-0.10999999999999943,-0.3932785126921634,1.7161244190203806
2023-11-22,27.88,28.24,27.54,27.73,4890200.0,140167877.0,60000000.0,0.08150333333333333,-0.129999999999999,-0.4666188083273459,2.5125628140703493
2023-11-23,27.48,27.58,26.96,27.44,3598962.0,101354790.0,60000000.0,0.0599827,-0.28999999999999915,-1.0457987738910934,2.235845654525775
2023-11-24,27.3,27.34,27.01,27.1,2701650.0,75686681.0,60000000.0,0.0450275,-0.33999999999999986,-1.2390670553935834,1.202623906705533
2023-11-27,27.12,27.76,27.12,27.38,3346830.0,94930189.0,60000000.0,0.0557805,0.2799999999999976,1.033210332103307,2.3616236162361646
2023-11-28,27.38,27.38,26.92,27.25,2569654.0,72012937.0,60000000.0,0.042827566666666664,-0.129999999999999,-0.47479912344776665,1.6800584368151839
2023-11-29,28.09,29.9,27.9,28.6,14714797.0,434353940.0,60000000.0,0.24524661666666667,1.3500000000000014,4.954128440366978,7.339449541284404
2023-11-30,27.98,28.56,27.9,28.26,7925122.0,230927998.0,60000000.0,0.13208536666666668,-0.33999999999999986,-1.1888111888111896,2.3076923076923084
2023-12-01,28.09,28.34,27.59,27.76,5949400.0,171301545.0,60000000.0,0.09915666666666667,-0.5,-1.7692852087756505,2.653927813163482
2023-12-04,29.3,30.4,28.81,28.9,16087193.0,490807174.0,60000000.0,0.2681198833333333,1.139999999999997,4.106628242074928,5.727665706051872
2023-12-05,27.96,28.27,27.79,27.81,9236039.0,266963770.0,60000000.0,0.15393398333333333,-1.0899999999999999,-3.771626297577857,1.6608996539792402
2023-12-06,27.41,27.69,27.4,27.64,5452671.0,155144442.0,60000000.0,0.09087785,-0.16999999999999815,-0.61129090255303,1.0427903631787223
2023-12-07,27.52,27.54,27.19,27.43,3889843.0,109819943.0,60000000.0,0.06483071666666666,-0.21000000000000085,-0.759768451519538,1.266280752532554
2023-12-08,27.26,27.71,27.26,27.71,3192851.0,90559794.0,60000000.0,0.05321418333333333,0.28000000000000114,1.0207801676995976,1.6405395552314956
2023-12-11,27.3,27.45,26.93,27.45,3745562.0,105089134.0,60000000.0,0.06242603333333333,-0.26000000000000156,-0.9382894261999342,1.8765788523998541
2023-12-12,27.12,27.86,27.12,27.71,3821271.0,108614306.0,60000000.0,0.06368785,0.26000000000000156,0.947176684881601,2.695810564663018
2023-12-13,27.55,27.92,27.26,27.4,3315874.0,94156222.0,60000000.0,0.05526456666666667,-0.3100000000000023,-1.1187297004691565,2.3818116203536635
2023-12-14,28.43,28.45,27.5,27.56,5286100.0,152395310.0,60000000.0,0.08810166666666666,0.16000000000000014,0.5839416058394109,3.4671532846715305
2023-12-15,27.51,27.75,27.38,27.44,3337495.0,94963998.0,60000000.0,0.05562491666666667,-0.11999999999999744,-0.4354136429608024,1.3425253991291763
2023-12-18,27.19,27.38,27.11,27.21,2460648.0,69121972.0,60000000.0,0.0410108,-0.23000000000000043,-0.838192419825079,0.9839650145772578
2023-12-19,27.32,27.33,26.93,27.11,2373370.0,66317184.0,60000000.0,0.03955616666666667,-0.10000000000000142,-0.367511944138188,1.4700477765527327
2023-12-20,27.11,27.52,27.09,27.19,3247171.0,91549664.0,60000000.0,0.054119516666666666,0.08000000000000185,0.2950940612320263,1.586130579122094
2023-12-21,26.96,26.96,25.96,26.49,4004171.0,109093216.0,60000000.0,0.06673618333333334,-0.7000000000000028,-2.5744759102611314,3.6778227289444647
2023-12-22,26.51,26.53,26.2,26.37,2086775.0,56791293.0,60000000.0,0.034779583333333336,-0.11999999999999744,-0.45300113250281715,1.245753114382793
2023-12-25,26.32,26.48,26.12,26.39,1408830.0,38357227.0,60000000.0,0.0234805,0.019999999999999574,0.07584376185059138,1.3651877133105779
2023-12-26,26.25,26.6,26.25,26.53,2057037.0,56246710.0,60000000.0,0.03428395,0.14000000000000057,0.5305039787798504,1.3262599469496075
2023-12-27,26.46,26.49,26.17,26.48,1908712.0,51922644.0,60000000.0,0.03181186666666667,-0.05000000000000071,-0.18846588767433836,1.2061816811157058
2023-12-28,26.67,26.97,26.48,26.8,3352932.0,92458872.0,60000000.0,0.0558822,0.3200000000000003,1.2084592145015227,1.850453172205432
2023-12-29,26.49,26.81,26.43,26.75,2443380.0,67311671.0,60000000.0,0.040723,-0.05000000000000071,-0.1865671641791078,1.4179104477611904
2024-01-02,26.72,27.27,26.63,26.95,3645337.0,101555575.0,60000000.0,0.060755616666666665,0.1999999999999993,0.7476635514018559,2.3925233644859834
2024-01-03,26.75,27.2,26.61,26.67,2629463.0,72597828.0,60000000.0,0.043824383333333335,-0.2799999999999976,-1.0389610389610282,2.1892393320964745
2024-01-04,26.46,26.59,26.07,26.56,2635008.0,71672460.0,60000000.0,0.0439168,-0.11000000000000298,-0.4124484439445131,1.9497562804649402
2024-01-05,26.49,26.65,26.06,26.15,2562521.0,69559070.0,60000000.0,0.04270868333333333,-0.41000000000000014,-1.5436746987951833,2.221385542168674
2024-01-08,26.03,26.03,25.18,25.19,2701200.0,71405173.0,60000000.0,0.04502,-0.9599999999999973,-3.6711281070745616,3.250478011472281
2024-01-09,25.19,25.39,25.06,25.13,1722071.0,44827507.0,60000000.0,0.028701183333333335,-0.060000000000002274,-0.2381897578404235,1.310043668122278
2024-01-10,25.13,25.14,24.28,24.59,2012587.0,51305842.0,60000000.0,0.033543116666666664,-0.5399999999999991,-2.1488261042578505,3.422204536410663
2024-01-11,24.56,24.81,24.12,24.81,2392472.0,60376720.0,60000000.0,0.03987453333333333,0.21999999999999886,0.8946726311508613,2.8060187067913693
2024-01-12,24.65,25.35,24.38,25.16,3122977.0,80791843.0,60000000.0,0.052049616666666666,0.3500000000000014,1.410721483272881,3.909713825070546
2024-01-15,25.0,25.11,24.6,24.91,2075471.0,53336804.0,60000000.0,0.03459118333333333,-0.25,-0.9936406995230573,2.027027027027019
2024-01-16,24.88,24.88,24.05,24.34,2459100.0,61881514.0,60000000.0,0.040985,-0.5700000000000003,-2.2882376555600215,3.3319951826575607
2024-01-17,24.13,24.2,23.41,23.43,2532665.0,62144680.0,60000000.0,0.04221108333333334,-0.9100000000000001,-3.7387017255546384,3.2456861133935875
2024-01-18,23.07,23.26,22.55,23.17,2912370.0,68631933.0,60000000.0,0.0485395,-0.259999999999998,-1.1096884336320834,3.030303030303034
2024-01-19,23.04,23.32,22.92,23.08,1566500.0,37432735.0,60000000.0,0.026108333333333334,-0.09000000000000341,-0.38843331894692357,1.7263703064307232
2024-01-22,22.95,23.68,21.83,21.95,3691600.0,87297335.0,60000000.0,0.06152666666666667,-1.129999999999999,-4.896013864818016,8.015597920277303
2024-01-23,21.72,22.38,21.34,22.24,3024190.0,68727048.0,60000000.0,0.050403166666666666,0.28999999999999915,1.3211845102505615,4.7380410022779005
2024-01-24,22.17,22.56,21.54,22.25,2274000.0,51814755.0,60000000.0,0.0379,0.010000000000001563,0.04496402877698369,4.586330935251797
2024-01-25,22.22,22.7,21.78,22.69,2930261.0,67867105.0,60000000.0,0.04883768333333333,0.4400000000000013,1.977528089887648,4.134831460674149
2024-01-26,22.67,23.08,22.5,22.69,2271288.0,53436495.0,60000000.0,0.0378548,0.0,0.0,2.5561921551344127
2024-01-29,22.7,23.08,22.46,22.61,2346300.0,55195622.0,60000000.0,0.039105,-0.08000000000000185,-0.352578228294409,2.7324812692816103
2024-01-30,22.31,22.67,21.8,21.85,2162883.0,49625676.0,60000000.0,0.03604805,-0.759999999999998,-3.361344537815114,3.847854931446267
2024-01-31,21.79,22.01,20.91,21.0,2353878.0,51916542.0,60000000.0,0.0392313,-0.8500000000000014,-3.8901601830663712,5.034324942791768
2024-02-01,20.7,21.35,20.54,21.01,1998417.0,43335106.0,60000000.0,0.03330695,0.010000000000001563,0.04761904761905189,3.857142857142868
2024-02-02,20.99,21.38,19.5,20.32,3095600.0,65742062.0,60000000.0,0.05159333333333333,-0.6900000000000013,-3.2841504045692638,8.948119942884334
2024-02-05,19.75,20.16,18.42,19.26,3431761.0,68177617.0,60000000.0,0.05719601666666667,-1.0599999999999987,-5.216535433070857,8.562992125984243
2024-02-06,18.76,20.55,18.54,20.11,3573425.0,72369147.0,60000000.0,0.05955708333333333,0.8499999999999979,4.413291796469365,10.436137071651096
2024-02-07,20.11,20.99,19.78,20.74,4274665.0,91039128.0,60000000.0,0.07124441666666667,0.629999999999999,3.132769766285426,6.016907011437083
2024-02-08,20.74,21.21,20.48,21.21,4472549.0,96458987.0,60000000.0,0.07454248333333334,0.4700000000000024,2.266152362584384,3.5197685631629727
2024-02-19,21.21,21.23,20.78,21.03,3219037.0,69654799.0,60000000.0,0.053650616666666665,-0.17999999999999972,-0.8486562942008447,2.121640735502118
2024-02-20,20.96,21.2,20.64,21.18,2822271.0,61419591.0,60000000.0,0.04703785,0.14999999999999858,0.7132667617689048,2.66286257727056
2024-02-21,21.06,21.82,20.91,21.46,3548606.0,79068365.0,60000000.0,0.059143433333333335,0.28000000000000114,1.3220018885741425,4.2965061378659115
2024-02-22,21.3,21.65,21.2,21.58,3131071.0,69548970.0,60000000.0,0.05218451666666667,0.11999999999999744,0.5591798695246952,2.096924510717611
2024-02-23,21.57,21.79,21.39,21.72,3463300.0,77264935.0,60000000.0,0.057721666666666664,0.14000000000000057,0.6487488415199305,1.8535681186283532
2024-02-26,21.66,22.03,21.59,21.82,3054600.0,68876794.0,60000000.0,0.05091,0.10000000000000142,0.4604051565377576,2.02578268876612
2024-02-27,21.8,22.24,21.65,22.24,2661595.0,60495362.0,60000000.0,0.044359916666666666,0.41999999999999815,1.9248395967002674,2.703941338221814
2024-02-28,22.27,22.66,20.94,21.0,5026200.0,113581291.0,60000000.0,0.08377,-1.2399999999999984,-5.575539568345322,7.733812949640282
2024-02-29,21.0,21.77,20.89,21.74,3437842.0,76170264.0,60000000.0,0.05729736666666667,0.7399999999999984,3.523809523809507,4.190476190476185
2024-03-01,21.98,22.46,21.74,22.32,4154383.0,95129644.0,60000000.0,0.06923971666666667,0.5800000000000018,2.667893284268641,3.3118675252989997
2024-03-04,22.97,23.72,22.4,22.68,9701616.0,229524428.0,288456000.0,0.033632914551959395,0.35999999999999943,1.6129032258064502,5.913978494623657
2024-03-05,23.34,24.11,23.02,23.42,13405757.0,324576115.0,288456000.0,0.0464741832376515,0.740000000000002,3.2627865961199376,4.805996472663139
2024-03-06,23.33,23.47,22.88,22.96,8783754.0,209591573.0,288456000.0,0.03045093185789167,-0.46000000000000085,-1.964133219470543,2.519214346712211
2024-03-07,23.13,25.25,23.0,25.25,12658377.0,320879796.0,288456000.0,0.04388321615775023,2.289999999999999,9.97386759581882,9.79965156794425
2024-03-08,26.14,27.21,25.66,27.09,23839681.0,649262113.0,288456000.0,0.08264581426630058,1.8399999999999999,7.287128712871294,6.138613861386141
2024-03-11,27.09,28.39,26.42,26.78,18101590.0,507940824.0,288456000.0,0.06275338353163047,-0.3099999999999987,-1.1443337024732325,7.272056109265407
2024-03-12,26.37,26.99,25.94,25.97,12739830.0,344384260.0,288456000.0,0.044165591979366,-0.8100000000000023,-3.0246452576549787,3.920836445108279
2024-03-13,25.17,25.53,24.9,25.46,9686011.0,252894354.0,288456000.0,0.03357881617993732,-0.509999999999998,-1.9638043896803903,2.425876010781681
2024-03-14,25.75,26.62,25.56,25.94,13255984.0,357414402.0,288456000.0,0.045954960201902546,0.4800000000000004,1.885310290651998,4.1633935585231825
2024-03-15,25.29,26.35,25.08,26.08,9611464.0,255030547.0,288456000.0,0.03332038161799373,0.13999999999999702,0.5397070161911932,4.895913646877421
2024-03-18,25.69,26.22,25.44,25.95,8748724.0,232330092.0,288456000.0,0.030329492192916772,-0.129999999999999,-0.498466257668706,2.990797546012261
2024-03-19,25.82,26.27,25.54,25.66,6635414.0,177337342.0,288456000.0,0.023003210194969075,-0.28999999999999915,-1.1175337186897893,2.8131021194605026
2024-03-20,25.43,25.94,25.27,25.64,4573566.0,120684678.0,288456000.0,0.01585533322239787,-0.019999999999999574,-0.0779423226812126,2.611067809820739
2024-03-21,26.78,27.07,26.16,26.33,13051271.0,356504558.0,288456000.0,0.04524527484261031,0.6899999999999977,2.691107644305757,3.5491419656786274
2024-03-22,25.56,25.78,25.17,25.18,8834338.0,231198388.0,288456000.0,0.030626293091494023,-1.1499999999999986,-4.367641473604245,2.3167489555639933
2024-03-25,25.18,25.82,25.1,25.22,6189392.0,162714267.0,288456000.0,0.02145697090717475,0.03999999999999915,0.1588562351072298,2.859412231930099
2024-03-26,24.91,24.96,24.06,24.38,6133766.0,154901471.0,288456000.0,0.0212641304046371,-0.8399999999999999,-3.3306899286280722,3.5685963521015154
2024-03-27,24.39,24.65,23.98,24.01,4264979.0,107302669.0,288456000.0,0.014785544415786117,-0.36999999999999744,-1.5176374077112254,2.7481542247743977
2024-03-28,24.2,25.07,23.9,24.88,6709466.0,170185891.0,288456000.0,0.023259928723964835,0.8699999999999974,3.6234902124114843,4.872969596001673
2024-03-29,25.85,26.39,25.62,26.19,14637868.0,393389216.0,288456000.0,0.0507455833818676,1.3100000000000023,5.265273311897123,3.0948553054662367
2024-04-01,26.85,27.05,26.19,26.39,13943000.0,382451187.0,288456000.0,0.04833666139723216,0.1999999999999993,0.7636502481863205,3.2836960672012196
2024-04-02,26.12,26.78,26.02,26.44,9082628.0,248408687.0,288456000.0,0.031487048284660396,0.05000000000000071,0.18946570670708152,2.879878741947713
2024-04-03,27.06,29.08,27.01,29.08,29530466.0,860575918.0,288456000.0,0.10237424771888953,2.639999999999997,9.98487140695914,7.829046898638414
2024-04-08,29.9,31.94,29.35,31.25,33933822.0,1083153344.0,288456000.0,0.11763950827855894,2.1700000000000017,7.462173314993126,8.90646492434663
2024-04-09,29.83,30.98,29.43,30.58,20045889.0,625569366.0,288456000.0,0.06949374947999001,-0.6700000000000017,-2.1440000000000015,4.960000000000003
2024-04-10,30.78,31.73,30.0,30.14,23093839.0,735036659.0,288456000.0,0.0800601790221039,-0.4399999999999977,-1.4388489208633004,5.657292347939832
2024-04-11,29.31,30.64,28.44,29.03,20899254.0,633651255.0,288456000.0,0.072452138281055,-1.1099999999999994,-3.6828135368281334,7.299270072992699
2024-04-12,30.34,30.96,29.38,30.36,22998996.0,715843031.0,288456000.0,0.07973138364256593,1.3299999999999983,4.581467447468124,5.442645539097492
2024-04-15,28.08,28.47,27.32,28.05,19688213.0,564691318.0,288456000.0,0.06825378220595169,-2.3099999999999987,-7.608695652173914,3.787878787878783
2024-04-16,27.75,28.41,25.71,25.85,15694182.0,435601726.0,288456000.0,0.054407542224810715,-2.1999999999999993,-7.843137254901955,9.625668449197859
2024-04-17,26.0,27.2,26.0,26.77,11825109.0,326845448.0,288456000.0,0.04099449829436725,0.9199999999999982,3.5589941972920647,4.642166344294001
2024-04-18,26.06,27.06,25.73,26.94,11248251.0,307898069.0,288456000.0,0.03899468549796156,0.1700000000000017,0.635039223010847,4.9682480388494525
2024-04-19,26.93,28.57,26.93,28.07,20414887.0,584591570.0,288456000.0,0.07077296710763513,1.129999999999999,4.194506310319235,6.087602078693394
2024-04-22,26.85,27.38,25.95,25.98,13899290.0,379544778.0,288456000.0,0.0481851304878387,-2.09,-7.4456715354470955,5.094406840042749
2024-04-23,24.69,25.12,24.4,24.58,11974480.0,305453154.0,288456000.0,0.041512327703358574,-1.4000000000000021,-5.3887605850654445,2.77136258660509
2024-04-24,23.98,24.83,23.91,24.79,11231666.0,282951459.0,288456000.0,0.0389371897273761,0.21000000000000085,0.8543531326281606,3.7428803905614245
2024-04-25,24.24,24.81,23.91,24.54,7300504.0,184193715.0,288456000.0,0.02530889979754278,-0.25,-1.0084711577248884,3.630496167809595
2024-04-26,24.6,25.79,24.59,25.7,12693037.0,332432263.0,288456000.0,0.04400337313143079,1.1600000000000001,4.726976365118185,4.889975550122247
2024-04-29,25.18,25.49,24.86,25.46,9197471.0,239804250.0,288456000.0,0.031885178328757244,-0.23999999999999844,-0.9338521400778177,2.4513618677042763
2024-04-30,25.31,25.63,24.89,25.07,7752000.0,202314794.0,288456000.0,0.026874115983026876,-0.39000000000000057,-1.5318146111547581,2.9065200314218322
2024-05-06,24.59,25.46,24.48,25.43,9080395.0,234930849.0,288456000.0,0.031479307069362396,0.35999999999999943,1.4359792580773911,3.909054646988434
2024-05-07,25.56,26.0,25.39,25.49,8438995.0,223507901.0,288456000.0,0.029255744376958704,0.05999999999999872,0.23594180102239903,2.3987416437278783
2024-05-08,25.22,26.57,24.98,26.33,15404790.0,412977130.0,288456000.0,0.05340429736250936,0.8399999999999999,3.295409964692042,6.237740290309925
2024-05-09,25.83,26.4,25.6,26.1,10944736.0,294085359.0,288456000.0,0.03794247996228194,-0.22999999999999687,-0.8735282947208378,3.0383592859855573
2024-05-10,26.9,27.08,26.2,26.8,14376726.0,395418693.0,288456000.0,0.049840273733255676,0.6999999999999993,2.6819923371647514,3.3716475095785405
2024-05-13,26.33,26.33,25.58,25.67,9355882.0,249756120.0,288456000.0,0.03243434700612918,-1.129999999999999,-4.216417910447756,2.798507462686567
2024-05-14,25.61,26.13,25.43,25.84,6998356.0,186087388.0,288456000.0,0.02426143328618576,0.16999999999999815,0.6622516556291425,2.7269185820023347
2024-05-15,25.98,26.63,25.68,26.29,9608599.0,260795411.0,288456000.0,0.03331044942729567,0.4499999999999993,1.741486068111442,3.6764705882352913
2024-05-16,26.8,27.0,25.85,26.0,9102518.0,247633772.0,288456000.0,0.03155600160856422,-0.28999999999999915,-1.1030810193990104,4.374286801065039
2024-05-17,25.66,25.97,25.27,25.95,6863927.0,179755694.0,288456000.0,0.02379540380508639,-0.05000000000000071,-0.19230769230769162,2.69230769230769
2024-05-20,26.77,28.55,26.47,28.55,18778653.0,530031971.0,288456000.0,0.06510058033114235,2.6000000000000014,10.019267822736033,8.015414258188832
2024-05-21,28.56,28.84,27.37,27.77,18077748.0,516768585.0,288456000.0,0.06267072967800982,-0.7800000000000011,-2.732049036777584,5.148861646234672
2024-05-22,26.13,28.05,26.13,26.99,14192495.0,390653016.0,288456000.0,0.04920159400393821,-0.7800000000000011,-2.8087864602088675,6.9139359020525815
2024-05-23,26.0,26.34,25.52,25.52,12873990.0,341562909.0,288456000.0,0.044630688909227056,-1.4699999999999989,-5.446461652463874,3.038162282326789
2024-05-24,25.17,25.94,25.07,25.61,8593595.0,224709954.0,288456000.0,0.029791701333998947,0.08999999999999986,0.3526645768024972,3.409090909090913
2024-05-27,25.41,26.05,25.29,25.69,8246349.0,216750828.0,288456000.0,0.028587892087528082,0.08000000000000185,0.31237797735259587,2.967590784849674
2024-05-28,25.87,26.56,25.77,25.81,10563295.0,281885080.0,288456000.0,0.03662012577308151,0.11999999999999744,0.46710782405603446,3.075126508369012
2024-05-29,25.61,26.73,25.23,26.36,12562394.0,336627275.0,288456000.0,0.043550468702332416,0.5500000000000007,2.130956993413413,5.81170089112747
2024-05-30,25.9,26.0,25.11,25.18,11041400.0,287886898.0,288456000.0,0.03827758826302798,-1.1799999999999997,-4.476479514415777,3.376327769347499
2024-05-31,25.24,25.46,25.1,25.44,4673600.0,120989317.0,288456000.0,0.016202124414122086,0.26000000000000156,1.0325655281969937,1.4297061159650495
2024-06-03,25.25,25.25,24.27,24.58,6904593.0,174635760.0,288456000.0,0.02393638197853399,-0.860000000000003,-3.380503144654101,3.8522012578616365
2024-06-04,24.69,24.83,24.37,24.63,5782329.0,145350694.0,288456000.0,0.02004579207920792,0.05000000000000071,0.20341741253051548,1.8714401952807052
2024-06-05,24.11,24.64,23.89,24.26,5013284.0,124346123.0,288456000.0,0.017379718223923233,-0.36999999999999744,-1.5022330491270663,3.0450669914738127
2024-06-06,24.62,25.04,24.38,24.5,8627400.0,218192288.0,288456000.0,0.029908894250769615,0.23999999999999844,0.9892827699917506,2.7205276174773294
2024-06-07,24.73,24.81,24.04,24.5,5381800.0,134329107.0,288456000.0,0.01865726488615248,0.0,0.0,3.142857142857141
2024-06-11,23.32,23.32,22.77,23.24,7038700.0,165762719.0,288456000.0,0.02440129517153396,-1.2600000000000016,-5.1428571428571495,2.2448979591836764
2024-06-12,22.99,23.77,22.98,23.71,4715700.0,113210678.0,288456000.0,0.016348073883018555,0.4700000000000024,2.0223752151462993,3.3993115318416494
2024-06-13,23.71,23.72,23.21,23.38,4568500.0,109273491.0,288456000.0,0.015837770751865102,-0.33000000000000185,-1.3918177983973101,2.150991142977638
2024-06-14,23.2,23.57,23.04,23.57,4542900.0,108365334.0,288456000.0,0.01574902238122972,0.19000000000000128,0.8126603934987209,2.266894781864847
2024-06-17,23.57,23.83,23.27,23.32,3627519.0,87053113.0,288456000.0,0.012575640652300523,-0.25,-1.0606703436571885,2.375901569792103
2024-06-18,23.24,23.75,23.22,23.64,3737019.0,90207885.0,288456000.0,0.012955247940760462,0.3200000000000003,1.3722126929674117,2.272727272727278
2024-06-19,23.61,24.23,23.52,23.93,5963319.0,146464049.0,288456000.0,0.020673236126133622,0.28999999999999915,1.2267343485617532,3.0033840947546566
2024-06-20,23.93,24.13,23.47,23.65,4807918.0,116848247.0,288456000.0,0.016667769087833153,-0.28000000000000114,-1.1700793982448832,2.758044295862934
2024-06-21,23.91,24.01,23.41,23.47,4696957.0,113659528.0,288456000.0,0.016283096902127186,-0.17999999999999972,-0.7610993657505283,2.536997885835101
2024-06-24,22.84,23.16,22.48,22.57,5132208.0,119788830.0,288456000.0,0.01779199600632332,-0.8999999999999986,-3.8346825734980716,2.89731572219855
2024-06-25,22.5,22.68,22.18,22.49,3153760.0,72446556.0,288456000.0,0.010933244584962698,-0.08000000000000185,-0.3544528134692193,2.2153300841825434
2024-06-26,22.47,22.77,22.11,22.77,3424100.0,78621078.0,288456000.0,0.011870441245805254,0.28000000000000114,1.2449977767896803,2.9346376167185424
2024-06-27,22.5,22.67,22.24,22.27,2873300.0,66001476.0,288456000.0,0.009960964583853343,-0.5,-2.195871761089152,1.8884497145366854
2024-06-28,22.48,22.91,22.33,22.68,3965734.0,91882235.0,288456000.0,0.013748141830989822,0.41000000000000014,1.8410417602155338,2.604400538841499
2024-07-01,22.54,22.88,22.48,22.87,3318800.0,77297960.0,288456000.0,0.011505394236902682,0.19000000000000128,0.837742504409178,1.7636684303350907
2024-07-02,22.63,22.97,22.63,22.72,2786724.0,65007294.0,288456000.0,0.009660828687910808,-0.15000000000000213,-0.6558810668998771,1.4866637516397019
2024-07-03,22.7,22.77,22.48,22.65,1988795.0,45996872.0,288456000.0,0.006894621710070167,-0.07000000000000028,-0.3080985915492995,1.2764084507042217
2024-07-04,22.96,23.13,22.27,22.33,5010700.0,116258759.0,288456000.0,0.017370760185262225,-0.3200000000000003,-1.4128035320088328,3.7969094922737283
2024-07-05,22.1,23.2,21.76,23.11,7402600.0,171758954.0,288456000.0,0.025662839393183017,0.7800000000000011,3.4930586654724705,6.448723690102991
2024-07-08,23.41,23.73,22.69,22.78,6563000.0,156143177.0,288456000.0,0.022752170175000693,-0.3299999999999983,-1.4279532669839834,4.5002163565556
2024-07-09,22.53,23.21,22.34,23.17,5802366.0,135385048.0,288456000.0,0.02011525501289625,0.39000000000000057,1.7120280948200284,3.8191395961369667
2024-07-10,23.02,23.58,22.82,22.93,4994200.0,118537925.0,288456000.0,0.017313559087001138,-0.240000000000002,-1.035822183858448,3.280103582218377
2024-07-11,23.02,23.8,22.93,23.74,7587994.0,182362508.0,288456000.0,0.026305550933244586,0.8099999999999987,3.5324901875272596,3.794156127344095
2024-07-12,24.32,24.43,23.61,23.87,9731907.0,238595572.0,288456000.0,0.03373792536816707,0.13000000000000256,0.547598989048037,3.4540859309182825
2024-07-15,23.75,24.52,23.46,24.25,9952900.0,247218021.0,288456000.0,0.03450404914441024,0.379999999999999,1.5919564306660972,4.4407205697528225
2024-07-16,24.26,24.92,24.12,24.88,11118357.0,280793581.0,288456000.0,0.03854437765205092,0.629999999999999,2.597938144329892,3.2989690721649514
2024-07-17,25.61,25.78,24.43,24.5,11439038.0,292449562.0,288456000.0,0.03965609313032144,-0.379999999999999,-1.5273311897106123,5.426045016077176
2024-07-18,24.09,24.56,23.78,24.51,7330638.0,180738763.0,288456000.0,0.02541336633663366,0.010000000000001563,0.040816326530612734,3.1836734693877453
2024-07-19,23.6,23.89,23.23,23.69,6568466.0,158398161.0,288456000.0,0.022771119338824638,-0.8200000000000003,-3.345573235414112,2.6927784577723384
2024-07-22,23.3,23.65,23.27,23.46,4066723.0,97432006.0,288456000.0,0.014098243752946724,-0.23000000000000043,-0.9708737864077666,1.6040523427606541
2024-07-23,23.46,23.61,22.58,22.65,4778478.0,112380565.0,288456000.0,0.016565708461602463,-0.8100000000000023,-3.4526854219948944,4.390451832907081
2024-07-24,22.67,22.89,22.47,22.53,3203100.0,74104106.0,288456000.0,0.011104293202429486,-0.11999999999999744,-0.5298013245032984,1.854304635761597
2024-07-25,22.13,22.13,21.57,21.7,5287838.0,117556667.0,288456000.0,0.018331523698588346,-0.8300000000000018,-3.6839769196626793,2.48557478916999
2024-07-26,21.51,22.17,21.5,22.05,3735432.0,83838021.0,288456000.0,0.012949746235127714,0.3500000000000014,1.6129032258064502,3.0875576036866437
2024-07-29,22.22,22.46,22.11,22.25,2898265.0,65989132.0,288456000.0,0.010047511578888982,0.1999999999999993,0.9070294784580435,1.5873015873015939
2024-07-30,22.14,22.35,21.89,22.32,2483952.0,56355842.0,288456000.0,0.008611198935019552,0.07000000000000028,0.31460674157304247,2.0674157303370824
2024-07-31,22.56,23.05,22.4,23.05,4803995.0,111816185.0,288456000.0,0.016654169093379925,0.7300000000000004,3.270609318996409,2.912186379928325
2024-08-01,23.4,23.47,23.06,23.46,6275553.0,149873024.0,288456000.0,0.02175566810882769,0.41000000000000014,1.7787418655097698,1.7787418655097618
2024-08-02,23.26,23.84,23.08,23.71,8328961.0,200698264.0,288456000.0,0.028874285852955043,0.25,1.0656436487638477,3.239556692242121
2024-08-05,22.97,24.42,22.68,23.0,8875395.0,212710114.0,288456000.0,0.030768626757633748,-0.7100000000000009,-2.994517081400261,7.3386756642766855
2024-08-06,22.97,23.3,22.48,22.76,5662200.0,131922548.0,288456000.0,0.019629336883268157,-0.23999999999999844,-1.043478260869557,3.565217391304349
2024-08-07,22.59,22.96,22.48,22.88,3355300.0,78190949.0,288456000.0,0.011631929999722661,0.11999999999999744,0.5272407732864526,2.1089630931458716
2024-08-08,22.66,22.74,22.31,22.56,3135100.0,72116593.0,288456000.0,0.010868555342929251,-0.3200000000000003,-1.3986013986013957,1.8793706293706283
2024-08-09,22.76,22.92,22.43,22.48,2859700.0,66361744.0,288456000.0,0.009913817011953296,-0.0799999999999983,-0.35460992907800915,2.171985815602846
2024-08-12,22.38,22.66,22.22,22.56,2419000.0,55559703.0,288456000.0,0.008386027678398092,0.0799999999999983,0.3558718861209842,1.957295373665486
2024-08-13,22.92,23.02,22.56,22.75,4282400.0,99620879.0,288456000.0,0.01484593837535014,0.19000000000000128,0.8421985815602939,2.0390070921985854
2024-08-14,22.77,22.8,22.44,22.56,2969295.0,68615005.0,288456000.0,0.010293753640069889,-0.19000000000000128,-0.8351648351648366,1.58241758241758
2024-08-15,22.33,22.6,22.09,22.58,2629300.0,60325983.0,288456000.0,0.00911508167623485,0.019999999999999574,0.08865248226950229,2.2606382978723474
2024-08-16,22.62,22.75,22.17,22.18,3298800.0,75403292.0,288456000.0,0.011436059572343789,-0.3999999999999986,-1.7714791851195733,2.568644818423376
2024-08-19,22.62,23.25,22.56,22.86,8878500.0,208394416.0,288456000.0,0.030779390964306513,0.6799999999999997,3.0658250676284915,3.1109107303877424
2024-08-20,22.92,22.96,22.05,22.17,5819090.0,132941560.0,288456000.0,0.020173232659400395,-0.6899999999999977,-3.0183727034120644,3.9807524059492567
2024-08-21,22.36,22.86,22.12,22.46,5260021.0,121285974.0,288456000.0,0.01823508958038661,0.28999999999999915,1.3080739738385194,3.3378439332431142
2024-08-22,22.44,22.61,21.87,21.92,3981400.0,90425860.0,288456000.0,0.013802451673738803,-0.5399999999999991,-2.4042742653606397,3.294746215494205
2024-08-23,21.72,22.12,21.55,22.08,2604400.0,58283104.0,288456000.0,0.00902876001885903,0.1599999999999966,0.7299270072992581,2.6003649635036505
2024-08-26,22.17,22.29,21.66,21.82,3941100.0,87965898.0,288456000.0,0.013662742324652633,-0.259999999999998,-1.1775362318840465,2.853260869565213
2024-08-27,21.66,21.7,21.21,21.43,3354658.0,73376714.0,288456000.0,0.01162970435699032,-0.39000000000000057,-1.787351054078834,2.2456461961503136
2024-08-28,21.5,21.69,21.29,21.29,2436000.0,53500556.0,288456000.0,0.00844496214327315,-0.14000000000000057,-0.6532897806812876,1.8665422305179753
2024-08-29,21.27,21.62,20.94,21.55,2497726.0,54702776.0,288456000.0,0.008658949718501261,0.26000000000000156,1.2212306247064486,3.1939877876937515
2024-08-30,21.53,21.78,21.31,21.62,3636353.0,80301567.0,288456000.0,0.012606265773636187,0.07000000000000028,0.32482598607888047,2.1809744779582476
2024-09-02,21.47,21.47,20.96,20.96,3324900.0,71935312.0,288456000.0,0.011526541309593144,-0.6600000000000001,-3.052728954671602,2.3589269195189546
2024-09-03,20.89,21.08,20.76,21.01,2183029.0,46689799.0,288456000.0,0.007567979171866766,0.05000000000000071,0.23854961832061594,1.5267175572518927
2024-09-04,20.89,21.01,20.63,20.77,1705100.0,36372924.0,288456000.0,0.005911126826968411,-0.240000000000002,-1.1423131841980072,1.808662541646847
2024-09-05,20.78,20.97,20.78,20.9,1579700.0,33743900.0,288456000.0,0.005476398480184153,0.129999999999999,0.6259027443427989,0.9147809340394691
2024-09-06,20.9,21.09,20.82,20.96,2021466.0,43348638.0,288456000.0,0.0070078833513603465,0.060000000000002274,0.2870813397129357,1.291866028708132
2024-09-09,20.71,20.71,20.17,20.43,2658500.0,55405874.0,288456000.0,0.009216310286490835,-0.5300000000000011,-2.5286259541984824,2.5763358778625913
2024-09-10,20.44,20.77,20.22,20.71,2059166.0,43084553.0,288456000.0,0.007138579194053859,0.28000000000000114,1.3705335291238407,2.6921194322075412
2024-09-11,20.66,20.9,20.57,20.89,1989800.0,42322791.0,288456000.0,0.0068981057769642515,0.17999999999999972,0.8691453404152671,1.5934331240946322
2024-09-12,20.87,20.92,20.57,20.58,1728600.0,36681715.0,288456000.0,0.00599259505782511,-0.3100000000000023,-1.483963618956452,1.6754427955959854
2024-09-13,21.26,21.35,20.8,20.87,4734900.0,101580800.0,288456000.0,0.016414635160995093,0.2900000000000027,1.4091350826044735,2.6724975704567577
2024-09-18,20.88,21.21,20.43,20.55,2951895.0,62523880.0,288456000.0,0.010233432481903653,-0.3200000000000003,-1.5333013895543868,3.737422137038817
2024-09-19,20.58,20.85,20.13,20.83,4305324.0,90496436.0,288456000.0,0.014925409767867543,0.2799999999999976,1.3625304136252847,3.5036496350365076
2024-09-20,20.7,21.04,20.63,21.04,4254795.0,91121998.0,288456000.0,0.014750239204592728,0.21000000000000085,1.0081613058089411,1.968314930388863
2024-09-23,21.2,21.86,21.13,21.46,6952600.0,153116482.0,288456000.0,0.024102809440607928,0.4200000000000017,1.9961977186311763,3.4695817490494316
2024-09-24,21.46,21.78,21.27,21.74,6095900.0,134400531.0,288456000.0,0.02113285908422775,0.2799999999999976,1.3047530288909481,2.37651444547997
2024-09-25,21.92,22.58,21.92,22.04,7792600.0,176820830.0,288456000.0,0.027014865352081426,0.3000000000000007,1.3799448022079108,3.03587856485739
2024-09-26,21.96,22.46,21.79,22.46,5626912.0,126644967.0,288456000.0,0.019507002801120447,0.4200000000000017,1.9056261343012748,3.0399274047187013
2024-09-27,22.58,23.23,22.42,23.0,8798166.0,204355501.0,288456000.0,0.03050089441717281,0.5399999999999991,2.4042742653606286,3.6064113980409562
2024-09-30,23.33,24.9,22.58,24.73,16011206.0,390633580.0,288456000.0,0.05550657985966664,1.7300000000000004,7.52173913043479,10.086956521739133
2024-10-08,26.74,27.09,23.97,25.04,19153826.0,496490892.0,288456000.0,0.06640120503647004,0.3099999999999987,1.253538212697114,12.616255560048529
2024-10-09,23.97,24.15,22.56,22.57,12272236.0,292313453.0,288456000.0,0.042544568322378455,-2.469999999999999,-9.864217252396157,6.349840255591054
2024-10-10,22.23,23.25,22.23,22.74,7813524.0,181665688.0,288456000.0,0.02708740327814294,0.16999999999999815,0.7532122286220577,4.519273371732386
2024-10-11,23.23,23.46,22.61,22.81,7342695.0,172705680.0,288456000.0,0.025455164739162994,0.07000000000000028,0.30782761653473933,3.73790677220757
2024-10-14,22.82,23.36,22.26,23.36,8921790.0,208342604.0,288456000.0,0.03092946584574424,0.5500000000000007,2.4112231477422252,4.822446295484427
2024-10-15,22.98,23.36,22.6,22.85,8192952.0,191242582.0,288456000.0,0.02840277893335552,-0.509999999999998,-2.1832191780821852,3.253424657534238
2024-10-16,23.19,25.14,22.97,25.14,25548938.0,630725396.0,288456000.0,0.08857135230329756,2.289999999999999,10.021881838074398,9.496717724288848
2024-10-17,25.41,25.41,23.9,24.93,23921284.0,596169849.0,288456000.0,0.08292871009790055,-0.21000000000000085,-0.835322195704058,6.006364359586323
2024-10-18,24.93,25.52,24.64,25.02,22042570.0,563228484.0,288456000.0,0.07641570984829575,0.08999999999999986,0.3610108303249149,3.529883674288002
2024-10-21,25.08,25.84,25.07,25.27,19438384.0,502739492.0,288456000.0,0.0673876917103475,0.25,0.9992006394884179,3.077537969624299
2024-10-22,24.87,26.31,24.44,25.82,22021603.0,572890931.0,288456000.0,0.07634302285270544,0.5500000000000007,2.1764938662445665,7.400079145231491
2024-10-23,26.03,26.21,25.41,25.57,14067734.0,367651224.0,288456000.0,0.04876908089968661,-0.25,-0.9682416731216059,3.0983733539891585
2024-10-24,24.84,25.09,24.64,24.87,9304115.0,235394872.0,288456000.0,0.032254884627118174,-0.6999999999999993,-2.737583105201402,1.7598748533437594
2024-10-25,24.65,24.83,24.31,24.41,9600947.0,239253252.0,288456000.0,0.03328392198463544,-0.46000000000000085,-1.849618013671095,2.090872537193404
2024-10-28,24.23,24.49,24.13,24.43,7669365.0,190590091.0,288456000.0,0.02658764248273567,0.019999999999999574,0.08193363375665896,1.4748054076198256
2024-10-29,24.34,24.65,23.97,24.18,13915400.0,344747772.0,288456000.0,0.04824097956014089,-0.25,-1.023331968890706,2.783462955382725
2024-10-30,24.44,24.63,23.98,24.5,10970550.0,272050235.0,288456000.0,0.038031970213828106,0.3200000000000003,1.3234077750206685,2.6881720430107467
2024-10-31,24.28,24.34,23.65,23.78,12685642.0,309047443.0,288456000.0,0.04397773663921014,-0.7199999999999989,-2.9387755102040725,2.8163265306122502
2024-11-01,23.38,24.1,23.23,23.52,10521751.0,253285215.0,288456000.0,0.036476103807859775,-0.26000000000000156,-1.0933557611438216,3.658536585365858
2024-11-04,23.27,23.74,22.93,23.74,7222050.0,172033165.0,288456000.0,0.02503692070887761,0.21999999999999886,0.9353741496598511,3.443877551020403
2024-11-05,23.54,24.02,23.44,24.0,10548145.0,255518134.0,288456000.0,0.03656760476467815,0.26000000000000156,1.095197978096052,2.443133951137314
2024-11-06,23.88,24.25,23.64,23.83,11310100.0,276526661.0,288456000.0,0.03920909948137671,-0.1700000000000017,-0.7083333333333441,2.5416666666666643
2024-11-07,22.86,23.28,22.5,23.27,11657085.0,273023872.0,288456000.0,0.04041200391047508,-0.5599999999999987,-2.349979018044479,3.273185060847676
2024-11-08,23.5,23.68,23.0,23.07,8964271.0,212630600.0,288456000.0,0.031076736140000553,-0.1999999999999993,-0.8594757198109093,2.9222174473571108
2024-11-11,22.82,23.02,22.72,22.99,7247928.0,168738975.0,288456000.0,0.025126632831350363,-0.08000000000000185,-0.3467706978760421,1.3003901170351135
2024-11-12,22.77,23.15,22.56,22.74,8327900.0,193996743.0,288456000.0,0.028870607649000193,-0.25,-1.0874293170943905,2.566333188342757
2024-11-13,22.74,23.06,22.58,22.87,5842909.0,135675720.0,288456000.0,0.020255806778156808,0.13000000000000256,0.5716798592788175,2.110817941952509
2024-11-14,22.68,22.8,22.25,22.28,6333900.0,145440948.0,288456000.0,0.021957941592478575,-0.5899999999999999,-2.579798863139482,2.404897245299522
2024-11-15,22.28,22.63,21.9,21.98,5424371.0,122997292.0,288456000.0,0.018804847186399312,-0.3000000000000007,-1.3464991023339312,3.276481149012569
2024-11-18,22.09,22.24,21.46,21.61,5773750.0,127963283.0,288456000.0,0.020016050974845382,-0.370000000000001,-1.6833484986351288,3.548680618744302
2024-11-19,21.79,22.06,21.69,21.96,4656183.0,103595298.0,288456000.0,0.016141744321490972,0.3500000000000014,1.6196205460434987,1.7121702915316868
2024-11-20,22.1,22.48,22.0,22.48,6645831.0,150935818.0,288456000.0,0.023039323155004576,0.5199999999999996,2.3679417122040025,2.1857923497267775
2024-11-21,22.57,23.46,22.43,23.46,11927074.0,278391754.0,288456000.0,0.04134798374795463,0.9800000000000004,4.359430604982206,4.581850533807834
2024-11-22,23.46,23.54,22.87,22.92,12821998.0,302359123.0,288456000.0,0.04445044651523976,-0.5399999999999991,-2.3017902813299185,2.8559249786871193
2024-11-25,23.06,23.44,22.12,22.36,9811565.0,227760631.0,288456000.0,0.03401407840363868,-0.5600000000000023,-2.443280977312401,5.759162303664922
2024-11-26,21.75,22.48,21.66,21.93,7113725.0,159807321.0,288456000.0,0.024661386831960508,-0.4299999999999997,-1.9230769230769273,3.667262969588552
2024-11-27,21.8,21.99,21.21,21.98,6157742.0,135301995.0,288456000.0,0.021347248800510303,0.05000000000000071,0.22799817601459882,3.556771545827622
2024-11-28,21.78,21.89,21.62,21.63,3682200.0,81633013.0,288456000.0,0.012765205091937765,-0.3500000000000014,-1.5923566878981,1.2283894449499526
2024-11-29,21.65,21.92,21.56,21.87,3916671.0,86937284.0,288456000.0,0.013578053498627174,0.240000000000002,1.109570041608876,1.6643550624133288
2024-12-02,21.76,21.86,21.63,21.79,6207771.0,137637142.0,288456000.0,0.021520685997171145,-0.08000000000000185,-0.36579789666210116,1.0516689529035226
2024-12-03,21.84,22.11,21.79,21.9,4844066.0,108173834.0,288456000.0,0.016793084560556896,0.10999999999999943,0.5048187241853963,1.4685635612666375
2024-12-04,21.87,22.06,21.6,21.71,4891330.0,108751843.0,288456000.0,0.01695693623984247,-0.18999999999999773,-0.8675799086757863,2.100456621004554
2024-12-05,21.63,21.78,21.61,21.74,3067400.0,67794880.0,288456000.0,0.010633857503397398,0.029999999999997584,0.13818516812527104,0.7830492860433058
2024-12-06,21.69,21.83,21.58,21.8,4064471.0,89904406.0,288456000.0,0.014090436669717392,0.060000000000002274,0.2759889604415866,1.1499540018399266
2024-12-09,22.04,22.46,22.03,22.23,9027200.0,204604375.0,288456000.0,0.03129489419530188,0.4299999999999997,1.9724770642201905,1.972477064220182
2024-12-10,22.58,22.7,22.06,22.09,7721571.0,175264288.0,288456000.0,0.026768626757633748,-0.14000000000000057,-0.6297795771480041,2.878992352676566
2024-12-11,22.23,22.36,22.11,22.26,4996300.0,113104476.0,288456000.0,0.01732083922677982,0.1700000000000017,0.7695789950203702,1.131733816206428
2024-12-12,22.36,22.7,22.32,22.48,7370500.0,168955986.0,288456000.0,0.025551557256565993,0.21999999999999886,0.9883198562443685,1.7070979335130232
2024-12-13,22.28,22.28,21.96,22.02,5052500.0,113680783.0,288456000.0,0.01751566963419031,-0.46000000000000085,-2.0462633451957313,1.4234875444839872
2024-12-16,21.94,22.05,21.67,21.76,3518100.0,78177778.0,288456000.0,0.01219631416923205,-0.259999999999998,-1.180744777475018,1.7257039055404135
2024-12-17,21.79,21.82,21.52,21.6,3450795.0,76139573.0,288456000.0,0.011962985689325235,-0.16000000000000014,-0.7352941176470562,1.3786764705882384
2024-12-18,21.69,21.78,21.4,21.44,3261100.0,71325730.0,288456000.0,0.011305363729650277,-0.16000000000000014,-0.7407407407407418,1.7592592592592708
2024-12-19,21.32,21.32,20.86,21.13,5598097.0,119781730.0,288456000.0,0.019407108883157224,-0.3100000000000023,-1.4458955223880743,2.1455223880597054
2024-12-20,21.01,21.23,20.99,21.11,3150800.0,67752767.0,288456000.0,0.010922983054607982,-0.019999999999999574,-0.09465215333648302,1.1358258400378705
2024-12-23,21.11,21.2,20.68,20.74,4444600.0,94762697.0,288456000.0,0.01540824250492276,-0.370000000000001,-1.7527238275698798,2.463287541449548
2024-12-24,20.67,20.8,20.52,20.79,3942753.0,83077060.0,288456000.0,0.013668472834678426,0.05000000000000071,0.24108003857281624,1.35004821600772
2024-12-25,20.79,20.81,20.54,20.6,2456300.0,51593701.0,288456000.0,0.008515336827800427,-0.18999999999999773,-0.9139009139009002,1.2987012987012967
2024-12-26,20.61,20.96,20.6,20.87,2431900.0,51569906.0,288456000.0,0.008430748537038579,0.2699999999999996,1.3106796116504782,1.7475728155339778
2024-12-27,20.82,21.0,20.76,20.91,2444300.0,52063172.0,288456000.0,0.008473736029065091,0.03999999999999915,0.1916626736943039,1.1499760421657808
2024-12-30,20.91,20.91,20.62,20.7,2102975.0,44412711.0,288456000.0,0.007290453310036886,-0.21000000000000085,-1.0043041606886738,1.3868962219033913
2024-12-31,20.71,20.84,20.36,20.5,3164482.0,66408148.0,288456000.0,0.01097041489863272,-0.1999999999999993,-0.9661835748792202,2.3188405797101472
2025-01-02,20.5,21.11,20.4,20.7,6601799.0,140045770.0,288456000.0,0.022886675957511718,0.1999999999999993,0.9756097560975618,3.463414634146346
2025-01-03,20.98,22.59,20.89,22.06,17869750.0,393755924.0,288456000.0,0.06194965610006379,1.3599999999999994,6.570048309178733,8.212560386473426
2025-01-06,21.6,22.21,20.95,21.62,12461885.0,275162971.0,288456000.0,0.04320203081232493,-0.4399999999999977,-1.9945602901178527,5.711695376246608
2025-01-07,21.4,22.02,21.21,21.82,9418499.0,207626370.0,288456000.0,0.032651423440663394,0.1999999999999993,0.9250693802035137,3.746530989824231
2025-01-08,21.6,22.32,21.5,21.91,10317514.0,230066890.0,288456000.0,0.035768068613584045,0.08999999999999986,0.4124656278643446,3.7580201649862524
2025-01-09,21.64,22.28,21.4,22.07,10164050.0,227742183.0,288456000.0,0.035236049865490754,0.16000000000000014,0.7302601551802734,4.016430853491568
2025-01-10,22.46,22.58,21.61,21.67,9491169.0,212314910.0,288456000.0,0.03290335094433813,-0.3999999999999986,-1.812415043044846,4.395106479383774
2025-01-13,21.36,22.07,21.06,21.81,10338500.0,228507995.0,288456000.0,0.0358408214771057,0.13999999999999702,0.6460544531610379,4.6608214120904545
2025-01-14,21.94,21.94,21.38,21.78,12002500.0,264540730.0,288456000.0,0.04160946556840558,-0.029999999999997584,-0.13755158184317606,2.5676295277395798
2025-01-15,21.7,21.74,21.14,21.49,9972165.0,217315798.0,288456000.0,0.034570835760046596,-0.2900000000000027,-1.3314967860422522,2.7548209366391085
2025-01-16,21.59,22.09,21.47,21.62,10764364.0,238237986.0,288456000.0,0.037317178356491114,0.13000000000000256,0.6049325267566408,2.885062819916245
2025-01-17,21.6,21.87,21.34,21.43,8588499.0,188745079.0,288456000.0,0.02977403486146934,-0.19000000000000128,-0.8788159111933425,2.4514338575393206
2025-01-20,21.31,21.42,20.98,21.23,6642799.0,143009329.0,288456000.0,0.023028812019857448,-0.1999999999999993,-0.9332711152589823,2.053196453569768
2025-01-21,21.15,21.32,20.92,21.18,5016100.0,107889842.0,288456000.0,0.017389480544693126,-0.05000000000000071,-0.23551577955723824,1.8841262364578357
2025-01-22,21.3,21.69,21.16,21.54,10745462.0,234672704.0,288456000.0,0.037251650165016505,0.35999999999999943,1.6997167138810276,2.5023607176581737
2025-01-23,21.45,21.69,21.24,21.26,8345499.0,182441916.0,288456000.0,0.028931618687078792,-0.2799999999999976,-1.29990714948931,2.0891364902507097
2025-01-24,21.18,21.4,20.94,21.4,5872700.0,126862855.0,288456000.0,0.020359084227750505,0.13999999999999702,0.6585136406396908,2.1636876763875694
2025-01-27,21.4,21.6,21.13,21.18,5581399.0,121455227.0,288456000.0,0.019349221371717004,-0.21999999999999886,-1.0280373831775602,2.196261682243002
2025-02-05,21.67,22.38,21.5,22.34,17790953.0,398404894.0,288456000.0,0.06167648792190143,1.1600000000000001,5.476864966949946,4.154863078375821
2025-02-06,22.21,22.21,21.92,22.04,11656400.0,261334652.0,288456000.0,0.04040962919821394,-0.3000000000000007,-1.3428827215756556,1.2981199641897903
2025-02-07,21.99,22.31,21.87,22.1,11780600.0,264930929.0,288456000.0,0.04084019746512466,0.060000000000002274,0.27223230490018846,1.9963702359346538
2025-02-10,22.24,22.85,22.08,22.74,15764089.0,359676056.0,288456000.0,0.05464989114457664,0.639999999999997,2.8959276018099445,3.4841628959276156
2025-02-11,23.17,23.62,22.73,22.9,23604100.0,555343529.0,288456000.0,0.08182911778572816,0.16000000000000014,0.7036059806508455,3.913808267370275
2025-02-12,22.27,22.46,22.08,22.27,13623155.0,308714370.0,288456000.0,0.0472278441079402,-0.629999999999999,-2.7510917030567628,1.659388646288221
2025-02-13,22.27,22.55,22.09,22.15,8709601.0,197917452.0,288456000.0,0.030193863188839893,-0.120000000000001,-0.5388414907947947,2.0655590480467034
2025-02-14,22.32,22.38,21.96,22.07,7658700.0,172671546.0,288456000.0,0.02655066977285964,-0.0799999999999983,-0.36117381489840783,1.8961625282166958
2025-02-17,21.3,21.57,21.23,21.38,9030900.0,196759788.0,288456000.0,0.03130772110824528,-0.6900000000000013,-3.1264159492523813,1.540552786588128
2025-02-18,21.44,21.62,21.27,21.38,7706900.0,168235258.0,288456000.0,0.02671776631444657,0.0,0.0,1.6370439663236738
2025-02-19,21.69,21.75,21.4,21.5,6283208.0,137708026.0,288456000.0,0.021782205951687606,0.120000000000001,0.561272217025266,1.6370439663236738
2025-02-20,21.44,21.62,21.3,21.54,10500992.0,229463182.0,288456000.0,0.03640413789278087,0.03999999999999915,0.18604651162790198,1.4883720930232571
2025-02-21,21.5,21.58,21.11,21.16,8845669.0,191113714.0,288456000.0,0.030665574645699863,-0.379999999999999,-1.764159702878365,2.1819870009285
2025-02-24,21.05,21.7,20.76,21.56,9761788.0,212255097.0,288456000.0,0.033841514823751286,0.3999999999999986,1.8903591682419618,4.442344045368609
2025-02-25,21.55,21.67,21.24,21.27,6704900.0,146813420.0,288456000.0,0.02324409962004604,-0.28999999999999915,-1.3450834879406237,1.9944341372912955
2025-02-26,21.28,21.89,21.23,21.33,7790561.0,170536404.0,288456000.0,0.027007796683029647,0.05999999999999872,0.28208744710860323,3.102961918194641
2025-02-27,21.33,21.72,21.16,21.42,8486366.0,185198690.0,288456000.0,0.02941996699669967,0.09000000000000341,0.42194092827005925,2.6254102203469234
2025-02-28,21.3,21.39,20.99,21.0,5998000.0,129155952.0,288456000.0,0.02079346590121197,-0.4200000000000017,-1.9607843137254943,1.867413632119524
2025-03-03,21.13,21.25,20.85,20.95,4363900.0,93504558.0,288456000.0,0.015128477133427628,-0.05000000000000071,-0.23809523809523725,1.904761904761898
2025-03-04,21.04,21.33,20.97,21.31,6466600.0,139535309.0,288456000.0,0.02241797709182683,0.35999999999999943,1.7183770883054894,1.7183770883054867
2025-03-05,21.23,21.52,21.2,21.49,5771371.0,125945804.0,288456000.0,0.020007803616496102,0.17999999999999972,0.8446738620365934,1.501642421398406
2025-03-06,21.43,21.59,21.3,21.49,4734800.0,103477141.0,288456000.0,0.016414288487672297,0.0,0.0,1.349464867380173
2025-03-07,21.33,22.04,21.32,21.72,8867700.0,196554670.0,288456000.0,0.030741950245444714,0.23000000000000043,1.0702652396463508,3.350395532805951
2025-03-10,21.99,21.99,21.52,21.65,5076700.0,111932682.0,288456000.0,0.01759956457830657,-0.07000000000000028,-0.32228360957642366,2.163904235727435
2025-03-11,21.44,21.75,21.3,21.7,4453801.0,97720904.0,288456000.0,0.01544013991735308,0.05000000000000071,0.23094688221709792,2.0785219399538075
2025-03-12,21.71,21.98,21.64,21.67,4645270.0,102906432.0,288456000.0,0.016103911861774414,-0.029999999999997584,-0.1382488479262589,1.5668202764976953
2025-03-13,21.8,21.9,21.53,21.74,6006100.0,132734501.0,288456000.0,0.020821546440358323,0.06999999999999673,0.32302722658050786,1.7074296262113404
2025-03-14,22.56,22.68,21.83,21.93,15223401.0,343152457.0,288456000.0,0.05277547008902571,0.19000000000000128,0.8739650413983391,3.909843606255756
2025-03-17,21.89,22.1,21.76,21.79,7544500.0,168332427.0,288456000.0,0.02615476883822836,-0.14000000000000057,-0.6383948928408545,1.5503875968992242
2025-03-18,21.89,22.57,21.79,22.37,19892900.0,452057015.0,288456000.0,0.06896337743018,0.5800000000000018,2.6617714547957805,3.5796236805874306
2025-03-19,22.37,23.11,22.29,22.87,21474266.0,497234462.0,288456000.0,0.0744455514879219,0.5,2.2351363433169347,3.6656236030397866
2025-03-20,23.15,23.29,22.41,22.47,17325869.0,402270959.0,288456000.0,0.06006416576531603,-0.40000000000000213,-1.749016178399665,3.8478355924792265
2025-03-21,22.29,22.56,21.82,21.97,9646165.0,217755919.0,288456000.0,0.03344068072773664,-0.5,-2.2251891410769886,3.2932799287939405
2025-03-24,21.97,22.02,21.46,21.77,7951042.0,175728713.0,288456000.0,0.027564141498183432,-0.1999999999999993,-0.910332271279013,2.5489303595812416
2025-03-25,21.69,22.38,21.58,21.94,7382007.0,164689157.0,288456000.0,0.02559144895581995,0.1700000000000017,0.7808911345889014,3.6747818098300447
2025-03-26,21.95,22.3,21.76,21.94,7875345.0,176668189.0,288456000.0,0.027301720193027706,0.0,0.0,2.461257976298993
2025-03-27,21.84,22.07,21.63,21.94,5455245.0,121471843.0,288456000.0,0.018911879108078875,0.0,0.0,2.005469462169559
2025-03-28,22.48,23.7,22.08,23.4,31006260.0,724170546.0,288456000.0,0.10749043181629088,1.4599999999999973,6.6545123062898615,7.3837739288969955
2025-03-31,23.26,24.54,23.08,24.42,33828835.0,825000506.0,288456000.0,0.11727554635715673,1.0200000000000031,4.358974358974366,6.239316239316244
2025-04-01,23.99,24.34,23.36,23.47,25959297.0,627560033.0,288456000.0,0.08999395748398369,-0.9500000000000028,-3.890253890253903,4.013104013104014
2025-04-02,23.3,23.4,22.56,22.67,18134177.0,424178760.0,288456000.0,0.06286635396732951,-0.7999999999999972,-3.408606731998287,3.57903706859821
2025-04-03,23.17,24.05,22.74,23.78,30143805.0,717410133.0,288456000.0,0.10450053041018388,1.1099999999999994,4.896338773709741,5.778561976179983
2025-04-07,21.42,22.53,21.4,21.4,20263501.0,449233276.0,288456000.0,0.0702481522311895,-2.3800000000000026,-10.00841042893189,4.751892346509683
2025-04-08,21.06,21.58,20.5,21.18,18537406.0,396615081.0,288456000.0,0.06426424134010039,-0.21999999999999886,-1.0280373831775602,5.046728971962609
2025-04-09,20.61,21.59,19.44,21.42,18203259.0,380866822.0,288456000.0,0.06310584283218237,0.240000000000002,1.1331444759207,10.15108593012275
2025-04-10,21.89,23.56,21.76,23.56,21700440.0,502167767.0,288456000.0,0.07522963640901906,2.139999999999997,9.990662931839388,8.403361344537801
2025-04-11,24.91,25.92,24.84,25.92,59415548.0,1552864938.0,288456000.0,0.20597785450813988,2.360000000000003,10.016977928692716,4.584040747028871
2025-04-14,24.87,26.5,24.87,26.04,52408293.0,1373447295.0,288456000.0,0.18168557076295866,0.11999999999999744,0.4629629629629539,6.288580246913576
2025-04-15,25.63,25.96,24.94,25.32,27573596.0,710808587.0,288456000.0,0.0955903014671215,-0.7199999999999989,-2.7649769585253448,3.917050691244238
2025-04-16,26.03,26.23,25.18,25.95,37430676.0,982721225.0,288456000.0,0.1297621682336301,0.629999999999999,2.4881516587677677,4.146919431279623
2025-04-17,26.78,26.99,24.59,24.65,40093795.0,1052200890.0,288456000.0,0.1389944913609008,-1.3000000000000007,-5.009633911368017,9.248554913294793
2025-04-18,24.65,25.03,23.81,24.02,20264595.0,499918802.0,288456000.0,0.07025194483734087,-0.629999999999999,-2.555780933062879,4.949290060851937
2025-04-21,24.65,26.43,24.53,26.43,36100361.0,936152882.0,288456000.0,0.1251503210194969,2.41,10.033305578684427,7.910074937552033
2025-04-22,26.8,28.84,26.54,28.04,48487641.0,1362635526.0,288456000.0,0.16809371619935104,1.6099999999999994,6.091562618236845,8.702232311766934
2025-04-23,25.72,27.0,25.36,25.42,40177827.0,1071604295.0,288456000.0,0.13928580788751144,-2.6199999999999974,-9.343794579172604,5.848787446504995
2025-04-24,26.48,26.49,25.22,25.37,26462000.0,695972812.0,288456000.0,0.09173669467787114,-0.05000000000000071,-0.19669551534224894,4.996066089693153
2025-04-25,25.62,25.74,24.07,24.35,24061857.0,606057850.0,288456000.0,0.08341603918795241,-1.0199999999999996,-4.020496649586125,6.582577847851787
2025-04-28,23.88,24.03,23.49,23.75,14510799.0,350620775.0,288456000.0,0.0503050690573259,-0.6000000000000014,-2.4640657084188944,2.2176591375770127
2025-04-29,24.04,24.24,23.71,23.88,14531201.0,354417958.0,288456000.0,0.05037579734864243,0.129999999999999,0.5473684210526297,2.2315789473684107
2025-04-30,23.71,24.2,23.41,23.64,12113509.0,293233484.0,288456000.0,0.04199430415730649,-0.23999999999999844,-1.005025125628134,3.3082077051926264
2025-05-06,24.32,25.78,24.27,25.33,27973942.0,712238134.0,288456000.0,0.09697819424799622,1.6899999999999977,7.1489001692047305,6.38747884940779
2025-05-07,24.64,25.52,24.64,25.42,22414941.0,574519016.0,288456000.0,0.07770662076711873,0.09000000000000341,0.35530990919858674,3.4741413343860996
2025-05-08,25.31,25.79,24.81,24.93,20564213.0,527996346.0,288456000.0,0.0712906405136312,-0.490000000000002,-1.927616050354064,3.855232100708105
2025-05-09,24.44,24.85,24.13,24.66,13510900.0,336282060.0,288456000.0,0.04683868596943728,-0.2699999999999996,-1.0830324909747224,2.888086642599288
2025-05-12,23.86,24.0,23.48,23.89,13163500.0,319447001.0,288456000.0,0.04563434284604931,-0.7699999999999996,-3.1224655312246496,2.1086780210867784
2025-05-13,23.89,24.1,23.5,23.99,16237400.0,393529995.0,288456000.0,0.05629073411542835,0.09999999999999787,0.4185851820845521,2.511511092507331
2025-05-14,23.76,23.97,23.46,23.62,12735200.0,306483186.0,288456000.0,0.04414954100452062,-0.36999999999999744,-1.542309295539801,2.125885785744052
2025-05-15,23.19,23.45,22.92,23.23,12630342.0,297875152.0,288456000.0,0.0437860262917048,-0.39000000000000057,-1.651143099068586,2.2438611346316577
2025-05-16,23.57,23.8,23.22,23.27,10638790.0,253580783.0,288456000.0,0.036881846798125194,0.03999999999999915,0.17219113215669601,2.49677141627207
2025-05-19,23.55,23.9,23.17,23.49,10671107.0,255279678.0,288456000.0,0.036993881215852675,0.21999999999999886,0.9454232917919914,3.137086377309828
2025-05-20,23.32,23.72,23.32,23.52,9588400.0,229861954.0,288456000.0,0.033240424882824415,0.030000000000001137,0.12771392081738497,1.7028522775649153
2025-05-21,24.27,24.93,23.8,24.93,28137171.0,695277745.0,288456000.0,0.0975440656460604,1.4100000000000001,5.994897959183665,4.804421768707479
2025-05-22,24.33,24.82,23.65,23.81,27093707.0,668492378.0,288456000.0,0.09392665432509638,-1.120000000000001,-4.492579221821103,4.693140794223834
2025-05-23,23.37,24.99,23.09,24.34,24871433.0,605268620.0,288456000.0,0.08622262320769893,0.5300000000000011,2.225955480890396,7.979840403191931
2025-05-26,23.8,24.5,23.72,24.23,15080832.0,367507167.0,288456000.0,0.05228122139945087,-0.10999999999999943,-0.4519309778142966,3.204601479046841
2025-05-27,23.98,24.1,23.48,23.5,13462257.0,321721633.0,288456000.0,0.04667005366503037,-0.7300000000000004,-3.0127940569541933,2.5588113908378083
2025-05-28,23.4,23.8,23.36,23.57,7646400.0,181730324.0,288456000.0,0.02650802895415592,0.07000000000000028,0.29787234042553123,1.8723404255319203
2025-05-29,23.15,23.24,22.82,23.15,11613940.0,269951352.0,288456000.0,0.04026243170535541,-0.4200000000000017,-1.7819261773440842,1.7819261773440735
2025-05-30,23.33,23.39,22.93,23.05,6992600.0,163269227.0,288456000.0,0.02424147876972571,-0.09999999999999787,-0.4319654427645703,1.9870410367170663
2025-06-03,23.62,24.41,23.61,23.97,21767750.0,526077464.0,288456000.0,0.07546298222259201,0.9199999999999982,3.9913232104121343,3.4707158351410006
2025-06-04,23.6,24.19,23.6,23.92,14435598.0,348029755.0,288456000.0,0.050044367251851234,-0.04999999999999716,-0.20859407592823676,2.4614100959532745
2025-06-05,23.98,24.1,23.61,23.71,10481700.0,251896411.0,288456000.0,0.036337257675347366,-0.21000000000000085,-0.8779264214046845,2.0484949832776
2025-06-06,23.65,24.23,23.62,23.95,14796203.0,357757488.0,288456000.0,0.05129448858751422,0.23999999999999844,1.0122311261071104,2.5727541121889472
2025-06-09,23.3,23.54,23.0,23.52,14071700.0,330192454.0,288456000.0,0.04878282996366864,-0.4299999999999997,-1.7954070981210823,2.2546972860125227
2025-06-10,23.32,23.58,23.2,23.54,10854072.0,255782838.0,288456000.0,0.03762817206090357,0.019999999999999574,0.08503401360544505,1.6156462585033973
2025-06-11,23.46,23.78,23.33,23.55,10036401.0,238594479.0,288456000.0,0.034793524835676846,0.010000000000001563,0.04248088360239155,1.911639762107064
2025-06-12,24.3,24.75,23.91,24.63,26239003.0,644047469.0,288456000.0,0.09096362356823917,1.0799999999999983,4.585987261146496,3.566878980891719
2025-06-13,25.4,26.77,25.35,26.02,42217662.0,1104150465.0,288456000.0,0.1463573716615359,1.3900000000000006,5.643524157531465,5.765326837190411
2025-06-16,25.78,25.81,24.96,25.1,25813351.0,659880363.0,288456000.0,0.08948800163629808,-0.9199999999999982,-3.5357417371252864,3.2667179093005303
2025-06-17,24.75,25.44,24.73,25.02,15845537.0,400782675.0,288456000.0,0.05493224963252628,-0.08000000000000185,-0.3187250996016022,2.8286852589641467
2025-06-18,24.86,25.28,24.61,24.96,14682745.0,369510601.0,288456000.0,0.05090115996893807,-0.05999999999999872,-0.23980815347721673,2.677857713828944
2025-06-19,24.69,25.14,24.19,24.46,14736961.0,366553616.0,288456000.0,0.05108911237762432,-0.5,-2.003205128205132,3.8060897435897405
2025-06-20,24.27,24.32,23.86,24.1,9301700.0,225648175.0,288456000.0,0.03224651246637269,-0.35999999999999943,-1.4717906786590351,1.880621422730993
2025-06-23,24.34,24.91,23.81,24.37,16005803.0,393526261.0,288456000.0,0.055487849100036055,0.2699999999999996,1.120331950207465,4.5643153526971005
2025-06-24,23.91,24.08,23.5,23.79,15861500.0,380905754.0,288456000.0,0.054987589095043955,-0.5800000000000018,-2.379975379565047,2.379975379565032
2025-06-25,23.77,24.02,23.72,24.02,9370800.0,225853074.0,288456000.0,0.032486063732423666,0.23000000000000043,0.9667927700714563,1.2610340479192967
2025-06-26,23.95,24.13,23.79,24.01,9289600.0,224427093.0,288456000.0,0.03220456499431456,-0.00999999999999801,-0.04163197335552704,1.4154870940882591
2025-06-27,23.86,24.06,23.67,23.8,10084000.0,242492125.0,288456000.0,0.03495853787059378,-0.21000000000000085,-0.8746355685131268,1.6243231986672095
2025-06-30,23.63,24.03,23.59,24.03,8997456.0,216463605.0,288456000.0,0.031191779682169896,0.23000000000000043,0.9663865546218453,1.8487394957983245
2025-07-01,24.29,24.51,24.1,24.47,15067613.0,370286821.0,288456000.0,0.05223539465291067,0.4399999999999977,1.8310445276737308,1.7062005826050775
2025-07-02,24.24,24.47,24.03,24.13,9225408.0,225624127.0,288456000.0,0.03198202845494633,-0.33999999999999986,-1.389456477319162,1.7981201471189117
2025-07-03,24.17,24.49,24.09,24.3,7605613.0,185976393.0,288456000.0,0.02636663130598774,0.1700000000000017,0.7045171985080811,1.6576875259013617
2025-07-04,23.98,24.07,23.6,23.81,10327808.0,247529972.0,288456000.0,0.03580375516543251,-0.490000000000002,-2.016460905349804,1.9341563786008185
2025-07-07,23.55,23.79,23.4,23.71,5026400.0,119965552.0,288456000.0,0.017425187896940954,-0.09999999999999787,-0.4199916001679904,1.6379672406551895
2025-07-08,23.81,23.97,23.74,23.82,5937100.0,142699870.0,288456000.0,0.02058234184763014,0.10999999999999943,0.4639392661324404,0.9700548291859993
2025-07-09,23.67,23.8,23.43,23.55,8540703.0,203503272.0,288456000.0,0.0296083388801065,-0.2699999999999996,-1.133501259445846,1.5533165407220864
2025-07-10,23.62,23.74,23.55,23.69,5214341.0,124317495.0,288456000.0,0.0180767292065341,0.14000000000000057,0.5944798301486198,0.8067940552016888
2025-07-11,23.65,23.86,23.65,23.79,8131002.0,194864748.0,288456000.0,0.02818801480988435,0.09999999999999787,0.42211903756859126,0.8864499788940516
2025-07-14,24.09,24.13,23.87,24.05,10650595.0,258039508.0,288456000.0,0.036922771583881075,0.26000000000000156,1.0928961748633892,1.0928961748633796
2025-07-15,23.83,24.03,23.6,23.85,8396303.0,201337928.0,288456000.0,0.029107742601991293,-0.1999999999999993,-0.8316008316008316,1.7879417879417867
2025-07-16,23.69,23.81,23.63,23.74,5407001.0,129325077.0,288456000.0,0.018744630030229914,-0.11000000000000298,-0.4612159329140608,0.7547169811320743
2025-07-17,23.7,23.74,23.52,23.65,6869700.0,163614826.0,288456000.0,0.023815417256011315,-0.08999999999999986,-0.3791069924178547,0.9267059814658757
2025-07-18,23.62,23.74,23.58,23.64,6299300.0,150164207.0,288456000.0,0.02183799262279169,-0.00999999999999801,-0.0422832980972454,0.676532769556026
2025-07-21,23.66,23.86,23.57,23.84,10140708.0,242327219.0,288456000.0,0.035155129378484064,0.1999999999999993,0.8460236886632888,1.2267343485617561
2025-07-22,24.05,24.37,24.02,24.18,18784449.0,457943742.0,288456000.0,0.06512067351693153,0.33999999999999986,1.4261744966443057,1.4681208053691335
2025-07-23,24.31,24.38,23.94,24.0,10912006.0,265689664.0,288456000.0,0.03782901378373132,-0.17999999999999972,-0.7444168734491274,1.8196856906534231
2025-07-24,23.64,23.88,23.5,23.87,11483942.0,274162770.0,288456000.0,0.039811763319189064,-0.129999999999999,-0.5416666666666625,1.5833333333333293
2025-07-25,23.78,23.9,23.66,23.68,7195200.0,172174798.0,288456000.0,0.024943838921707297,-0.19000000000000128,-0.7959782153330597,1.0054461667364827
2025-07-28,23.61,23.61,23.47,23.53,8328702.0,197554166.0,288456000.0,0.028873387969049005,-0.14999999999999858,-0.633445945945943,0.5912162162162186
2025-07-29,23.41,23.47,23.17,23.47,7217102.0,169772196.0,288456000.0,0.025019767312865742,-0.060000000000002274,-0.2549936251593832,1.274968125796843
2025-07-30,23.48,23.6,23.29,23.37,6735600.0,159540020.0,288456000.0,0.02335052833014394,-0.09999999999999787,-0.4260758414997734,1.3208351086493493
2025-07-31,23.04,23.06,22.89,22.96,8284603.0,191847741.0,288456000.0,0.028720508500429873,-0.41000000000000014,-1.7543859649122862,0.7274283269148402
2025-08-01,22.95,23.06,22.85,23.0,3632300.0,84135925.0,288456000.0,0.012592215103863328,0.03999999999999915,0.17421602787455193,0.9146341463414516
2025-08-04,23.33,23.57,23.33,23.57,11457685.0,271121926.0,288456000.0,0.039720737304822916,0.5700000000000003,2.4782608695652186,1.0434782608695738
2025-08-05,23.49,23.77,23.43,23.5,8957906.0,212793788.0,288456000.0,0.031054670383004686,-0.07000000000000028,-0.2969876962240159,1.4425116673737797
2025-08-06,23.48,23.54,23.36,23.51,5328900.0,126065995.0,288456000.0,0.01847387469839421,0.010000000000001563,0.04255319148935843,0.7659574468085095
2025-08-07,23.53,23.79,23.48,23.79,9147367.0,217987705.0,288456000.0,0.031711481127104306,0.2799999999999976,1.1909825606124969,1.3185878349638396
2025-08-08,24.02,24.02,23.63,23.72,10849096.0,260695170.0,288456000.0,0.03761092159636132,-0.07000000000000028,-0.2942412778478398,1.6393442622950845
2025-08-11,23.37,23.45,23.22,23.39,7985853.0,187809404.0,288456000.0,0.027684821948581413,-0.3299999999999983,-1.3912310286677831,0.9696458684654319
2025-08-12,23.31,23.4,23.26,23.32,4871711.0,114617475.0,288456000.0,0.016888922400643425,-0.07000000000000028,-0.29927319367251126,0.5985463873450064
2025-08-13,23.32,23.45,23.29,23.45,6103874.0,143804223.0,288456000.0,0.02116050281498738,0.129999999999999,0.5574614065180006,0.6861063464837056
2025-08-14,23.44,23.5,23.04,23.05,8761200.0,205325740.0,288456000.0,0.03037274315666861,-0.3999999999999986,-1.7057569296375252,1.9616204690831596
2025-08-15,22.89,23.14,22.85,23.13,5945760.0,137997339.0,288456000.0,0.020612363757384143,0.0799999999999983,0.3470715835141025,1.258134490238608
2025-08-18,23.1,23.24,23.0,23.17,7614306.0,177297912.0,288456000.0,0.026396767617938265,0.0400000000000027,0.17293558149591437,1.03761348897535
2025-08-19,23.07,23.15,23.03,23.09,4575564.0,106476047.0,288456000.0,0.015862259755387305,-0.08000000000000185,-0.34527406128614935,0.5179110919292077
2025-08-20,22.99,23.17,22.91,23.17,6737929.0,156858106.0,288456000.0,0.023358602351831823,0.08000000000000185,0.34647033347769973,1.1260285838025188
2025-08-21,23.23,23.34,23.12,23.14,7285071.0,170669146.0,288456000.0,0.02525539770363591,-0.030000000000001137,-0.12947777298231156,0.9495036685368962
2025-08-22,23.11,23.2,23.01,23.2,5895572.0,137271483.0,288456000.0,0.020438375350140058,0.05999999999999872,0.2592912705272177,0.8210890233362045
2025-08-25,23.38,23.65,23.36,23.63,14052040.0,333191182.0,288456000.0,0.048714673988407245,0.4299999999999997,1.8534482758620685,1.2499999999999964
2025-08-26,23.69,23.81,23.48,23.8,11932037.0,284937548.0,288456000.0,0.04136518914496492,0.1700000000000017,0.7194244604316724,1.3965298349555577
2025-08-27,24.03,24.32,23.5,23.51,17219144.0,415816433.0,288456000.0,0.05969417866156364,-0.28999999999999915,-1.2184873949579789,3.4453781512605053
2025-08-28,23.52,23.94,23.11,23.61,12434119.0,295057840.0,288456000.0,0.04310577349751782,0.09999999999999787,0.42535091450446316,3.5304125903870767
2025-08-29,23.81,23.99,23.7,23.87,15795401.0,380438052.0,288456000.0,0.054758441495410044,0.26000000000000156,1.101228293096157,1.2282930961456975
2025-09-01,24.39,25.95,24.2,25.68,37801943.0,955721732.0,288456000.0,0.1310492518789694,1.8099999999999987,7.582739840804353,7.331378299120233
2025-09-02,25.96,26.77,25.39,25.82,39213127.0,1026154024.0,288456000.0,0.13594145034251323,0.14000000000000057,0.5451713395638658,5.373831775700931
2025-09-03,26.53,26.72,25.35,25.59,25965595.0,680629360.0,288456000.0,0.0900157909698533,-0.23000000000000043,-0.8907823392718894,5.3059643687064195
2025-09-04,25.78,25.78,24.69,25.1,19593535.0,497851422.0,288456000.0,0.06792555883739634,-0.48999999999999844,-1.9148104728409443,4.259476357952324
2025-09-05,24.97,26.28,24.85,26.12,20479842.0,532251220.0,288456000.0,0.07099814876445627,1.0199999999999996,4.063745019920306,5.6972111553784845
2025-09-08,26.58,26.74,26.04,26.47,23017995.0,613288935.0,288456000.0,0.07979724810716365,0.34999999999999787,1.3399693721286354,2.6799387442572713
2025-09-09,27.01,29.11,27.01,28.61,43120689.0,1229043573.0,288456000.0,0.14948792536816707,2.1400000000000006,8.084624102757832,7.933509633547405
2025-09-10,27.22,29.07,26.89,28.52,42177324.0,1188557103.0,288456000.0,0.14621753057658707,-0.08999999999999986,-0.3145753233135262,7.619713386927647
2025-09-11,28.11,28.36,27.55,27.86,23843346.0,668462740.0,288456000.0,0.082658519843581,-0.6600000000000001,-2.3141654978962145,2.84011220196353
2025-09-12,27.77,28.95,27.5,28.15,25958916.0,739571084.0,288456000.0,0.08999263665862385,0.28999999999999915,1.0409188801148606,5.204594400574298
2025-09-15,27.52,27.93,27.33,27.53,16235444.0,451451935.0,288456000.0,0.05628395318523449,-0.6199999999999974,-2.2024866785079866,2.1314387211367727
2025-09-16,28.1,28.21,26.87,27.64,19138850.0,529716635.0,288456000.0,0.06634928723964834,0.10999999999999943,0.39956411187795915,4.867417362876861
2025-09-17,27.36,27.46,26.66,27.25,16644147.0,454576177.0,288456000.0,0.05770081745569515,-0.39000000000000057,-1.410998552821996,2.8943560057887145
2025-09-18,26.48,26.84,25.66,25.83,18253825.0,484658574.0,288456000.0,0.06328114166458662,-1.4200000000000017,-5.211009174311931,4.330275229357797
2025-09-19,26.04,26.33,25.68,26.23,12850317.0,337269054.0,288456000.0,0.044548620933521924,0.40000000000000213,1.548586914440575,2.516453735965926
2025-09-22,26.88,28.33,26.38,28.04,21783687.0,596981329.0,288456000.0,0.07551823155004576,1.8099999999999987,6.900495615707203,7.4342356080823455
2025-09-23,28.06,28.64,27.14,27.77,23417383.0,659027156.0,288456000.0,0.08118181975760601,-0.2699999999999996,-0.962910128388017,5.349500713266762
2025-09-24,27.47,28.26,27.28,27.83,17246630.0,481820072.0,288456000.0,0.05978946529106692,0.05999999999999872,0.2160604969391411,3.5289881166726698
2025-09-25,27.43,27.62,26.71,27.01,14599800.0,398469768.0,288456000.0,0.0506136117813462,-0.8199999999999967,-2.9464606539705285,3.2698526769673024
2025-09-26,26.98,27.32,26.68,26.73,8567384.0,232554396.0,288456000.0,0.02970083478936129,-0.28000000000000114,-1.0366530914476146,2.3694927804516865
2025-09-29,27.1,27.75,26.56,27.55,13494375.0,370218592.0,288456000.0,0.04678139820284549,0.8200000000000003,3.067714178825298,4.451926674148901
2025-09-30,27.57,27.94,27.18,27.48,19212923.0,534091809.0,288456000.0,0.06660607857004187,-0.07000000000000028,-0.2540834845735085,2.758620689655178
2025-10-09,30.23,30.23,30.23,30.23,7662047.0,233539193.0,288456000.0,0.02656227292897357,2.75,10.007278020378463,0.0
2025-10-10,30.52,31.1,29.55,29.87,41902020.0,1278553116.0,288456000.0,0.145263125052001,-0.35999999999999943,-1.1908699966920233,5.127356930201789
2025-10-13,30.07,31.67,29.2,31.1,44869477.0,1373683941.0,288456000.0,0.15555050683639793,1.2300000000000004,4.117843990626047,8.269166387679954
2025-10-14,31.74,31.98,29.23,29.56,39540758.0,1230061799.0,288456000.0,0.13707725961671796,-1.5400000000000027,-4.951768488745989,8.842443729903536
2025-10-15,30.16,30.53,29.1,29.83,20806858.0,622645847.0,288456000.0,0.07213182599772583,0.2699999999999996,0.9133964817320761,4.837618403247631
2025-10-16,29.83,30.27,28.97,29.12,19230164.0,574952906.0,288456000.0,0.06666584851762487,-0.7099999999999973,-2.380154207173979,4.358028830036878
2025-10-17,30.43,30.59,29.2,29.43,24091361.0,726066293.0,288456000.0,0.08351832168510968,0.3099999999999987,1.0645604395604247,4.7733516483516505
2025-10-20,28.14,28.44,27.35,27.66,20510203.0,574747725.0,288456000.0,0.07110340225198991,-1.7699999999999996,-6.014271151885831,3.7037037037037033
2025-10-21,28.67,28.74,27.85,27.91,18005307.0,513343991.0,288456000.0,0.06241959605624428,0.25,0.9038322487346262,3.217642805495289
2025-10-22,26.62,26.94,26.22,26.81,19327287.0,518286646.0,288456000.0,0.06700254804892254,-1.1000000000000014,-3.941239699032606,2.579720530275895
2025-10-23,26.55,27.05,26.13,26.86,11686836.0,312668090.0,288456000.0,0.040515142690739664,0.05000000000000071,0.18649757553153012,3.43155538977994
2025-10-24,26.84,27.07,26.61,26.77,10578776.0,285950575.0,288456000.0,0.03667379427018332,-0.08999999999999986,-0.3350707371556183,1.712583767684292
2025-10-27,26.62,26.92,26.51,26.89,15486353.0,417883412.0,288456000.0,0.05368705452478021,0.120000000000001,0.44826298094882144,1.5315651849084801
2025-10-28,27.34,27.87,26.88,26.92,23027635.0,634107769.0,288456000.0,0.07983066741548105,0.030000000000001137,0.11156563778356166,3.681666046857575
2025-10-29,27.02,27.42,26.86,27.29,15720591.0,429150063.0,288456000.0,0.05449909518262751,0.36999999999999744,1.374442793462105,2.0802377414561746
2025-10-30,26.86,27.17,26.48,26.69,12611543.0,339991414.0,288456000.0,0.04372085517375267,-0.5999999999999979,-2.198607548552578,2.5283986808354757
2025-10-31,27.07,27.45,26.83,27.08,15815580.0,433232323.0,288456000.0,0.05482839670521674,0.389999999999997,1.4612214312476501,2.322967403521922
2025-11-03,26.77,27.08,26.32,27.06,11656619.0,314041075.0,288456000.0,0.040410388412790856,-0.019999999999999574,-0.07385524372229835,2.8064992614475557
2025-11-04,26.87,26.94,26.12,26.3,9143336.0,243895325.0,288456000.0,0.03169750672546246,-0.759999999999998,-2.8085735402808454,3.0303030303030316
2025-11-05,25.8,26.72,25.72,26.59,8411317.0,223509898.0,288456000.0,0.029159792134675653,0.28999999999999915,1.1026615969581766,3.802281368821293
2025-11-06,26.53,26.76,26.4,26.75,6068513.0,162735824.0,288456000.0,0.021037915661314032,0.16000000000000014,0.6017299736743142,1.353892440767217
2025-11-07,26.68,27.05,26.59,26.85,6590737.0,178378247.0,288456000.0,0.022848326954544192,0.10000000000000142,0.37383177570093906,1.7196261682243024
2025-11-10,27.28,27.47,27.07,27.37,12690014.0,349092270.0,288456000.0,0.04399289319688272,0.5199999999999996,1.9366852886405939,1.4897579143389146
2025-11-11,27.83,27.99,27.38,27.46,13875408.0,387005165.0,288456000.0,0.04810233796488893,0.08999999999999986,0.3288271830471423,2.2287175739861143
2025-11-12,27.48,27.77,27.05,27.35,8461900.0,233675592.0,288456000.0,0.029335149901544778,-0.10999999999999943,-0.4005826656955591,2.6219956300072793
2025-11-13,27.68,28.59,27.5,28.3,17569675.0,497165228.0,288456000.0,0.0609093761266883,0.9499999999999993,3.4734917733089565,3.9853747714808034
2025-11-14,27.69,28.12,27.49,27.57,9834100.0,275394400.0,288456000.0,0.034092201236930415,-0.7300000000000004,-2.5795053003533575,2.2261484098940016
2025-11-17,27.24,27.37,26.87,27.05,8879700.0,242647881.0,288456000.0,0.030783551044180048,-0.5199999999999996,-1.886108088501992,1.8135654697134567
2025-11-18,26.78,27.04,26.14,26.29,7285407.0,194428220.0,288456000.0,0.0252565625260005,-0.7600000000000016,-2.8096118299445583,3.3271719038816956
2025-11-19,26.56,27.94,26.5,27.79,16148200.0,443263650.0,288456000.0,0.05598150151149569,1.5,5.705591479650063,5.4773678204640595
2025-11-20,27.37,28.07,27.29,27.5,11920451.0,332907188.0,288456000.0,0.04132502357378595,-0.28999999999999915,-1.0435408420295,2.806765023389713
2025-11-21,27.14,27.35,26.23,26.26,12333451.0,331116254.0,288456000.0,0.04275678439692709,-1.2399999999999984,-4.509090909090907,4.072727272727277
2025-11-24,26.2,26.56,25.75,26.3,7744996.0,203920796.0,288456000.0,0.026849834983498348,0.03999999999999915,0.15232292460014563,3.0845392231530795
2025-11-25,27.17,27.41,26.9,27.05,11498373.0,314568851.0,288456000.0,0.03986179174640153,0.75,2.851711026615966,1.9391634980988652
2025-11-26,26.97,27.26,26.74,26.85,7599406.0,206957484.0,288456000.0,0.02634511329284189,-0.1999999999999993,-0.7393715341959317,1.9223659889094384
2025-11-27,27.0,29.13,26.74,28.4,26934305.0,760223589.0,288456000.0,0.09337405011509554,1.5499999999999972,5.772811918063314,8.901303538175048
2025-11-28,28.12,28.12,27.25,27.68,25987122.0,725199163.0,288456000.0,0.09009041933605125,-0.7199999999999989,-2.5352112676056304,3.0633802816901445
2025-12-01,28.21,28.44,27.71,27.86,19976511.0,565271416.0,288456000.0,0.06925323446210167,0.17999999999999972,0.6502890173410325,2.637283236994221
2025-12-02,27.45,27.93,27.23,27.65,11116808.0,308882235.0,288456000.0,0.038539007682280836,-0.21000000000000085,-0.7537688442211032,2.5125628140703493
2025-12-03,27.58,27.8,27.25,27.36,9614630.0,266551759.0,288456000.0,0.0333313572953934,-0.28999999999999915,-1.0488245931283835,1.989150090415916
2025-12-04,27.45,27.64,26.66,26.69,11226295.0,305752993.0,288456000.0,0.038918569903208806,-0.6699999999999982,-2.448830409356717,3.5818713450292416
2025-12-05,26.7,27.9,26.69,27.8,16113300.0,445889322.0,288456000.0,0.05586051252184042,1.1099999999999994,4.158860996627944,4.533533158486314
2025-12-08,27.51,27.76,27.27,27.72,9638844.0,267578594.0,288456000.0,0.03341530077377486,-0.08000000000000185,-0.2877697841726645,1.7625899280575612
2025-12-09,27.48,27.53,26.83,26.91,9518981.0,259916099.0,288456000.0,0.032999767728873725,-0.8099999999999987,-2.9220779220779147,2.5252525252525357
2025-12-10,27.29,27.74,26.98,27.67,11485185.0,316994892.0,288456000.0,0.039816072468591396,0.7600000000000016,2.8242289111854335,2.8242289111854255
2025-12-11,27.78,27.98,27.1,27.14,12622565.0,350899669.0,288456000.0,0.04375906550739107,-0.5300000000000011,-1.9154318756776312,3.1803397181062483
2025-12-12,27.78,28.02,27.41,27.94,16456296.0,460350025.0,288456000.0,0.05704958815209252,0.8000000000000007,2.9476787030213725,2.247605011053793
2025-12-15,27.78,28.99,27.68,28.97,21936451.0,631640595.0,288456000.0,0.07604782358487949,1.0299999999999976,3.6864710093056363,4.688618468146022
2025-12-16,28.43,28.72,27.47,27.62,15275672.0,431551699.0,288456000.0,0.0529566797015836,-1.3499999999999979,-4.659993096306514,4.314808422506041
2025-12-17,27.93,28.48,27.44,28.26,14131530.0,399300832.0,288456000.0,0.04899024461269656,0.6400000000000006,2.3171614771904547,3.7653874004344647
2025-12-18,28.11,28.73,27.93,28.28,12663098.0,362932641.0,288456000.0,0.04389958260531936,0.019999999999999574,0.07077140835103357,2.8308563340410497
2025-12-19,28.13,28.24,27.49,28.0,11478028.0,322757046.0,288456000.0,0.039791261058879,-0.28000000000000114,-0.990099009900991,2.6520509193776522
2025-12-22,28.42,29.31,28.29,29.09,18069423.0,527638807.0,288456000.0,0.06264186912388718,1.0899999999999999,3.8928571428571423,3.6428571428571415
2025-12-23,29.71,30.0,29.12,29.45,18582915.0,553518193.0,288456000.0,0.06442200890257092,0.35999999999999943,1.237538673083538,3.0250945342041904
2025-12-24,29.86,29.99,28.91,29.03,14702266.0,433805972.0,288456000.0,0.050968834068280774,-0.41999999999999815,-1.4261460101867462,3.6672325976230846
2025-12-25,28.66,28.66,28.23,28.36,11309255.0,323705660.0,288456000.0,0.039206170091799095,-0.6700000000000017,-2.307957285566664,1.4812263176024791
2025-12-26,28.76,29.21,28.61,28.84,12670921.0,369104236.0,288456000.0,0.043926702859361566,0.4800000000000004,1.6925246826516194,2.1156558533145327
2025-12-29,28.91,29.1,28.3,28.35,18974518.0,548543118.0,288456000.0,0.06577959203483373,-0.48999999999999844,-1.6990291262135915,2.773925104022194
2025-12-30,27.32,28.19,27.22,27.87,12311200.0,344732268.0,288456000.0,0.04267964611587209,-0.4800000000000004,-1.6931216931216908,3.4215167548500967
2025-12-31,27.84,28.29,27.5,27.63,10217749.0,286464032.0,288456000.0,0.03542220997309815,-0.240000000000002,-0.8611410118406937,2.834589163975598
2026-01-05,28.07,28.69,28.05,28.56,15902793.0,455842730.0,288456000.0,0.055130740910225476,0.9299999999999997,3.365906623235615,2.316322837495478
2026-01-06,28.72,29.48,28.56,29.19,14599579.0,427504881.0,288456000.0,0.05061284563330282,0.6300000000000026,2.205882352941191,3.2212885154061683
2026-01-07,29.3,29.37,28.51,28.61,14765895.0,431126938.0,288456000.0,0.051189418836841666,-0.5800000000000018,-1.9869818430969577,2.946214457005822
2026-01-08,28.6,28.98,28.24,28.47,10126115.0,291790953.0,288456000.0,0.03510453934048867,-0.14000000000000057,-0.489339391821042,2.5865082139112268
2026-01-09,28.41,29.33,28.37,29.3,14835205.0,434021324.0,288456000.0,0.05142969811687051,0.8300000000000018,2.9153494906919653,3.3719704952581573
2026-01-12,30.0,30.3,29.26,29.74,19200497.0,573530132.0,288456000.0,0.06656300094295144,0.4399999999999977,1.5017064846416295,3.5494880546075054
2026-01-13,29.63,30.94,29.45,30.46,22559336.0,692033431.0,288456000.0,0.0782071997115678,0.7200000000000024,2.420981842636194,5.0100874243443245
2026-01-14,30.74,31.61,30.31,31.23,23392575.0,730476963.0,288456000.0,0.08109581703968716,0.7699999999999996,2.527905449770196,4.26789231779383
2026-01-15,30.74,34.35,30.57,34.35,22089938.0,736313900.0,288456000.0,0.07657992206783704,3.120000000000001,9.990393852065328,12.103746397694529
2026-01-16,34.34,35.85,33.72,33.94,42019433.0,1465130247.0,288456000.0,0.14567016460049367,-0.4100000000000037,-1.1935953420669665,6.200873362445422
2026-01-19,34.0,37.34,33.96,37.34,38323207.0,1405518665.0,288456000.0,0.13285633510830075,3.4000000000000057,10.017678255745444,9.958750736593998
2026-01-20,38.67,40.31,36.66,39.45,55463014.0,2155856001.0,288456000.0,0.19227547355575894,2.1099999999999994,5.650776647027311,9.775040171397979
2026-01-21,40.66,43.39,39.87,43.39,47341259.0,1990702593.0,288456000.0,0.1641195156280334,3.9399999999999977,9.98732572877059,8.92268694550064
2026-01-22,41.35,46.11,40.96,45.28,59516276.0,2636458695.0,288456000.0,0.2063270516127243,1.8900000000000006,4.35584235999078,11.869094261350538
2026-01-23,47.3,49.81,46.63,49.81,51385157.0,2515982425.0,288456000.0,0.17813863119505227,4.530000000000001,10.004416961130747,7.022968197879857
2026-01-26,53.25,54.79,52.12,54.79,34035775.0,1854476923.0,288456000.0,0.11799295213134758,4.979999999999997,9.997992371009822,5.360369403734193
2026-01-27,54.8,60.27,51.81,60.27,59271727.0,3450242258.0,288456000.0,0.20547926546856365,5.480000000000004,10.001825150574927,15.440773863843768
2026-01-28,63.47,66.3,63.47,66.3,25821248.0,1698566941.0,288456000.0,0.08951537842859916,6.029999999999994,10.004977600796416,4.695536751285878
2026-01-29,72.94,72.94,62.29,72.92,61809511.0,4353691650.0,288456000.0,0.21427708558670994,6.6200000000000045,9.984917043740582,16.063348416289593
2026-01-30,65.63,65.63,65.63,65.63,7975700.0,527831826.0,288456000.0,0.027649624206118092,-7.290000000000006,-9.99725726823918,0.0
2026-02-02,59.06,59.06,59.06,59.06,348000.0,20726880.0,288456000.0,0.0012064231633247358,-6.569999999999993,-10.010665854030155,0.0
2026-02-03,53.15,58.99,53.15,55.59,47344850.0,2599474574.0,288456000.0,0.16413196466705493,-3.469999999999999,-5.8753809685066045,9.888249238062992
2026-02-04,55.59,56.14,50.07,50.62,44878986.0,2364080285.0,288456000.0,0.15558347200266245,-4.970000000000006,-8.940456916711648,10.919230077352042
2026-02-05,47.6,49.07,45.57,45.67,46263434.0,2169512801.0,288456000.0,0.16038298388662395,-4.949999999999996,-9.778743579612792,6.91426313709996
2026-02-06,43.63,47.49,43.14,46.0,39520458.0,1815685766.0,288456000.0,0.1370068849321907,0.3299999999999983,0.7225749945259485,9.524852200569304
2026-02-09,47.41,48.29,46.19,48.23,31588941.0,1499915017.0,288456000.0,0.10951043140028288,2.229999999999997,4.847826086956508,4.56521739130435
2026-02-10,47.3,47.4,46.26,46.26,20573797.0,968209082.0,288456000.0,0.07132386568488781,-1.9699999999999989,-4.08459465063239,2.363674061787271
2026-02-11,46.26,47.37,46.01,46.62,17840746.0,840105987.0,288456000.0,0.06184910696952048,0.35999999999999943,0.7782101167315147,2.939904885430176
2026-02-12,46.1,47.26,46.04,46.21,19861159.0,935127526.0,288456000.0,0.0688533398507918,-0.4099999999999966,-0.8794508794508715,2.6169026169026144
2026-02-13,45.59,46.48,45.13,45.66,16106537.0,744316834.0,288456000.0,0.05583706700501983,-0.5500000000000043,-1.1902185674096621,2.9214455745509507
2026-02-24,47.78,50.22,47.32,50.22,41963568.0,2094374179.0,288456000.0,0.14547649554871453,4.560000000000002,9.98685939553221,6.351292159439331
2026-02-25,49.96,51.85,48.43,50.66,35366065.0,1793223481.0,288456000.0,0.12260471267715006,0.4399999999999977,0.8761449621664585,6.81003584229391
2026-02-26,50.03,50.23,48.95,49.48,22886722.0,1143590999.0,288456000.0,0.07934215963613168,-1.1799999999999997,-2.3292538491906822,2.526648243189882
2026-02-27,48.99,51.81,48.6,50.25,33516156.0,1685934022.0,288456000.0,0.11619157167817622,0.7700000000000031,1.5561843168957257,6.487469684721102
2026-03-02,52.24,55.27,51.15,55.27,45543749.0,2436910098.0,288456000.0,0.15788802798347062,5.020000000000003,9.99004975124378,8.199004975124387
2026-03-03,55.39,60.19,53.3,56.32,54488237.0,3118069370.0,288456000.0,0.18889618174002273,1.0499999999999972,1.8997647910258708,12.46607562873168
2026-03-04,50.68,55.04,50.68,54.02,35185826.0,1882340262.0,420000000.0,0.08377577619047619,-2.299999999999997,-4.083806818181812,7.7414772727272725
2026-03-05,54.54,55.63,53.2,54.28,31201202.0,1716268924.0,420000000.0,0.07428857619047619,0.259999999999998,0.48130322102923895,4.498333950388744
2026-03-06,52.9,58.03,51.64,56.99,38541481.0,2179918200.0,420000000.0,0.09176543095238095,2.710000000000001,4.992630803242437,11.7722918201916
2026-03-09,56.13,62.28,55.04,60.89,39013063.0,2305689985.0,420000000.0,0.09288824523809523,3.8999999999999986,6.843305843130376,12.703983154939467
2026-03-10,60.91,61.35,55.33,57.13,41250988.0,2415993266.0,420000000.0,0.09821663809523809,-3.759999999999998,-6.17506979799638,9.886680899983583
2026-03-11,56.59,57.04,54.55,54.95,24264635.0,1357170380.0,420000000.0,0.05777294047619048,-2.1799999999999997,-3.8158585681778434,4.358480658148086
2026-03-12,53.68,56.43,53.36,55.38,24139970.0,1338892395.0,420000000.0,0.05747611904761905,0.4299999999999997,0.7825295723384862,5.586897179253867
2026-03-13,54.04,56.5,53.23,53.28,21274128.0,1167746701.0,420000000.0,0.05065268571428572,-2.1000000000000014,-3.7919826652221045,5.904658721560136
2026-03-16,53.11,53.61,51.62,53.29,21039976.0,1113671421.0,420000000.0,0.050095180952380955,0.00999999999999801,0.0187687687687621,3.734984984984989
2026-03-17,52.99,54.1,52.61,53.25,13113793.0,704893637.0,420000000.0,0.031223316666666667,-0.03999999999999915,-0.07506098705197806,2.796021767686249
2026-03-18,52.71,53.54,51.58,53.3,13726878.0,727668006.0,420000000.0,0.03268304285714286,0.04999999999999716,0.09389671361501595,3.680751173708922
2026-03-19,52.37,52.55,50.63,50.9,16268500.0,844999333.0,420000000.0,0.03873452380952381,-2.3999999999999986,-4.502814258911814,3.602251407129446
2026-03-20,50.91,51.82,49.28,49.31,12099440.0,616066284.0,420000000.0,0.028808190476190477,-1.5899999999999963,-3.123772102161093,4.9901768172888
2026-03-23,47.8,48.11,44.39,44.39,15274609.0,701022796.0,420000000.0,0.036368116666666665,-4.920000000000002,-9.977692151693374,7.5441087000608364
2026-03-24,45.28,45.43,43.35,45.38,18417511.0,825764823.0,420000000.0,0.043851216666666665,0.990000000000002,2.2302320342419524,4.68574003153863
2026-03-25,47.42,47.92,46.09,46.76,20441737.0,967696164.0,420000000.0,0.04867080238095238,1.3799999999999955,3.040987219039204,4.032613486117229
2026-03-26,46.45,47.1,44.46,44.86,12771071.0,584545577.0,420000000.0,0.030407311904761904,-1.8999999999999986,-4.063301967493582,5.645851154833192
2026-03-27,43.66,45.89,43.66,45.67,12939043.0,588972318.0,420000000.0,0.03080724523809524,0.8100000000000023,1.805617476593846,4.971020954079367
2026-03-30,45.71,47.39,45.36,47.31,12956514.0,608769616.0,420000000.0,0.030848842857142858,1.6400000000000006,3.5909787606744015,4.444931026932343
2026-03-31,47.74,52.04,47.42,49.74,28672996.0,1450215460.0,420000000.0,0.0682690380952381,2.4299999999999997,5.136334812935961,9.765377298668351
2026-04-01,51.04,51.55,48.78,49.51,22354693.0,1123460337.0,420000000.0,0.053225459523809526,-0.23000000000000398,-0.4624045034177793,5.568958584640121
2026-04-02,49.47,49.47,46.89,47.42,14851373.0,717132525.0,420000000.0,0.035360411904761906,-2.0899999999999963,-4.221369420319121,5.211068471015953
2026-04-03,47.32,47.82,46.31,46.58,8646926.0,407568003.0,420000000.0,0.020587919047619047,-0.8400000000000034,-1.7714044706874765,3.184310417545335
2026-04-07,46.41,46.98,45.62,46.26,8757425.0,407909055.0,420000000.0,0.020851011904761903,-0.3200000000000003,-0.6869901245169618,2.919708029197079
2026-04-08,48.59,50.89,47.89,50.89,19971034.0,1000232628.0,420000000.0,0.04755008095238095,4.630000000000003,10.008646779074803,6.48508430609598
2026-04-09,50.26,51.22,49.09,50.37,17749598.0,899748485.0,420000000.0,0.04226094761904762,-0.5200000000000031,-1.0218117508351443,4.185498133228523
2026-04-10,50.57,50.64,48.87,49.05,12952397.0,644787353.0,420000000.0,0.030839040476190478,-1.3200000000000003,-2.620607504466943,3.5139964264443186
2026-04-13,48.8,48.9,47.66,48.54,8770773.0,426454269.0,420000000.0,0.020882792857142857,-0.509999999999998,-1.039755351681948,2.5280326197757432
2026-04-14,49.38,49.54,47.76,48.39,8413286.0,410997707.0,420000000.0,0.020031633333333333,-0.14999999999999858,-0.30902348578492056,3.6670786979810486
2026-04-15,49.26,49.55,47.48,47.78,12885399.0,630033109.0,420000000.0,0.03067952142857143,-0.6099999999999994,-1.260591031204794,4.277743335399877
2026-04-16,47.62,48.72,47.05,48.02,8226669.0,396784717.0,420000000.0,0.019587307142857144,0.240000000000002,0.5023022185014714,3.4951862704060312
2026-04-17,47.52,47.88,46.62,47.42,6739218.0,322313381.0,420000000.0,0.016045757142857144,-0.6000000000000014,-1.2494793835901685,2.623906705539369
2026-04-20,47.25,48.49,47.25,48.06,8301329.0,402475904.0,420000000.0,0.019765069047619047,0.6400000000000006,1.349641501476162,2.6149304091100842
2026-04-21,48.06,48.41,47.03,48.14,6497798.0,313815244.0,420000000.0,0.01547094761904762,0.0799999999999983,0.16645859342487856,2.871410736579266
2026-04-22,47.6,49.09,47.21,48.88,9010346.0,440200919.0,420000000.0,0.02145320476190476,0.740000000000002,1.5371832156211074,3.905276277523894
2026-04-23,48.88,48.94,46.41,47.15,11269970.0,536552890.0,420000000.0,0.026833261904761905,-1.730000000000004,-3.5392798690671134,5.175941080196401
2026-04-24,46.62,47.2,45.86,46.97,6194314.0,290195579.0,420000000.0,0.014748366666666667,-0.17999999999999972,-0.3817603393425184,2.841993637327685
2026-04-27,47.86,48.64,46.81,47.51,9331055.0,448194990.0,420000000.0,0.02221679761904762,0.5399999999999991,1.1496700021290218,3.8961038961038925
2026-04-28,47.3,47.64,46.25,46.87,6658442.0,314134950.0,420000000.0,0.015853433333333333,-0.6400000000000006,-1.3470848242475242,2.9256998526625986
2026-04-29,47.11,51.03,47.05,50.6,20505461.0,1025051081.0,420000000.0,0.04882252619047619,3.730000000000004,7.9581822061019825,8.49157243439301
2026-04-30,50.08,54.74,50.08,53.28,24541613.0,1311894350.0,420000000.0,0.05843241190476191,2.6799999999999997,5.296442687747027,9.209486166007911
2026-05-06,53.44,58.49,53.44,57.71,20916368.0,1189140119.0,420000000.0,0.04980087619047619,4.43,8.314564564564563,9.478228228228236
2026-05-07,57.72,59.0,55.93,57.86,19183307.0,1105674355.0,420000000.0,0.045674540476190476,0.14999999999999858,0.2599202911107268,5.319701958066194
2026-05-08,56.94,60.53,56.52,58.7,18859198.0,1126979603.0,420000000.0,0.04490285238095238,0.8400000000000034,1.4517801590044899,6.930521949533352
2026-05-11,57.52,59.49,56.64,59.36,18366719.0,1076547923.0,420000000.0,0.043730283333333335,0.6599999999999966,1.1243611584327073,4.855195911413972
2026-05-12,59.65,60.71,57.42,57.82,16615686.0,977103702.0,420000000.0,0.03956115714285714,-1.5399999999999991,-2.594339622641506,5.542452830188678
2026-05-13,57.68,58.9,56.23,57.43,13054592.0,746170618.0,420000000.0,0.031082361904761904,-0.39000000000000057,-0.6745070909719875,4.61777931511588
2026-05-14,57.19,58.58,56.4,56.89,13806646.0,794292899.0,420000000.0,0.03287296666666667,-0.5399999999999991,-0.9402751175343838,3.7959254744906836
2026-05-15,55.61,56.0,53.62,54.22,12578073.0,685036887.0,420000000.0,0.029947792857142858,-2.6700000000000017,-4.6932677096150455,4.183512040780458
2026-05-18,52.99,56.37,52.26,55.81,10662204.0,578656728.0,420000000.0,0.0253862,1.5900000000000034,2.932497233493181,7.580228697897454
2026-05-19,55.33,57.15,55.05,56.69,10382455.0,582900384.0,420000000.0,0.024720130952380952,0.8799999999999955,1.576778355133479,3.7627665292958272
2026-05-20,55.81,57.58,54.55,57.36,10290500.0,581511148.0,420000000.0,0.024501190476190475,0.6700000000000017,1.1818662903510413,5.344857999647206
2026-05-21,58.23,59.08,54.84,54.98,10802808.0,617742017.0,420000000.0,0.025720971428571427,-2.3800000000000026,-4.149232914923296,7.391910739191065
2026-05-22,55.5,56.39,54.5,55.57,8312389.0,461585924.0,420000000.0,0.01979140238095238,0.5900000000000034,1.0731174972717472,3.437613677700983
2026-05-25,56.68,58.25,55.93,56.99,9569320.0,543918517.0,420000000.0,0.02278409523809524,1.4200000000000017,2.5553356127406834,4.174914522224222
2026-05-26,55.99,57.8,54.5,57.17,13265019.0,747637981.0,420000000.0,0.03158337857142857,0.17999999999999972,0.31584488506755104,5.790489559571849
2026-05-27,56.64,57.0,52.3,52.45,13644326.0,730158954.0,420000000.0,0.032486490476190476,-4.719999999999999,-8.256078362777675,8.22109497988456
2026-05-28,52.09,52.09,49.72,50.4,11658448.0,588018161.0,420000000.0,0.027758209523809523,-2.0500000000000043,-3.908484270734036,4.518589132507158
2026-05-29,51.61,51.8,48.87,49.13,11206269.0,556690537.0,420000000.0,0.026681592857142857,-1.269999999999996,-2.519841269841261,5.813492063492063
2026-06-01,49.0,50.49,48.61,49.12,7356100.0,365042164.0,420000000.0,0.01751452380952381,-0.010000000000005116,-0.02035416242622823,3.8265825361286434
2026-06-02,48.59,51.28,47.26,50.55,10048229.0,493709506.0,420000000.0,0.023924354761904763,1.4299999999999997,2.9112377850162963,8.18403908794789
2026-06-03,49.4,50.35,49.0,49.5,8129796.0,403773758.0,420000000.0,0.019356657142857142,-1.0499999999999972,-2.0771513353115667,2.6706231454005964
2026-06-04,49.39,49.96,48.41,48.9,5685400.0,278379477.0,420000000.0,0.013536666666666667,-0.6000000000000014,-1.21212121212122,3.1313131313131395
2026-06-05,48.5,48.84,47.59,47.76,6357314.0,305732922.0,420000000.0,0.015136461904761905,-1.1400000000000006,-2.33128834355828,2.556237218813906
2026-06-08,44.91,46.68,42.98,43.67,12449293.0,552397692.0,420000000.0,0.02964117380952381,-4.089999999999996,-8.563651591289778,7.747068676716924
2026-06-09,44.49,44.49,40.99,41.23,23044049.0,959930171.0,420000000.0,0.054866783333333335,-2.440000000000005,-5.58735974353104,8.014655369819097
2026-06-10,39.99,40.65,38.21,40.11,20112471.0,792209071.0,420000000.0,0.047886835714285717,-1.1199999999999974,-2.716468590831911,5.918020858598103
2026-06-11,39.53,41.39,39.11,40.42,10493627.0,424658789.0,420000000.0,0.024984826190476192,0.3100000000000023,0.7728745948641258,5.684367988032912
2026-06-12,41.55,43.2,40.88,42.08,15107278.0,634967806.0,420000000.0,0.035969709523809526,1.6599999999999966,4.1068777832755865,5.739732805541811
2026-06-15,43.77,44.7,42.64,44.02,16416996.0,718451582.0,420000000.0,0.039088085714285715,1.9400000000000048,4.610266159695819,4.8954372623574205
2026-06-16,43.5,43.98,42.57,43.28,12233569.0,528443580.0,420000000.0,0.02912754523809524,-0.740000000000002,-1.6810540663334872,3.203089504770551
2026-06-17,43.28,44.49,42.88,43.44,10864883.0,472659411.0,420000000.0,0.025868769047619047,0.1599999999999966,0.3696857670979492,3.7199630314232888
2026-06-18,42.87,43.48,41.88,42.2,10067360.0,428484676.0,420000000.0,0.02396990476190476,-1.2399999999999949,-2.854511970534057,3.683241252302013
